[
    {
        "scene_id": 8,
        "image_id": 0,
        "category_id": 14,
        "R": [
            [
                0.7227656332695732,
                -0.4158479658142241,
                -0.5519785400652868
            ],
            [
                0.6834538233099877,
                0.548527617591038,
                0.4816724241046618
            ],
            [
                0.10247297579066096,
                -0.7253881182291813,
                0.680669793045449
            ]
        ],
        "t": [
            236.23688520451105,
            350.6723975425804,
            1863.0339696795152
        ]
    },
    {
        "scene_id": 8,
        "image_id": 0,
        "category_id": 14,
        "R": [
            [
                0.9167402237511708,
                0.23294352083679168,
                -0.32453763765827437
            ],
            [
                0.3989159014318441,
                -0.5771065584280116,
                0.7126107800224442
            ],
            [
                -0.021294735064643258,
                -0.7827421902002827,
                -0.6219816700988793
            ]
        ],
        "t": [
            -76.25483305834308,
            113.52802982550878,
            1750.0770120444129
        ]
    },
    {
        "scene_id": 8,
        "image_id": 0,
        "category_id": 14,
        "R": [
            [
                0.975390873736169,
                -0.13345103576338707,
                -0.17550915784047702
            ],
            [
                -0.1721236556652701,
                -0.9583559796442592,
                -0.2278755437525424
            ],
            [
                -0.13779002355982747,
                0.25247700357413255,
                -0.9577417564634063
            ]
        ],
        "t": [
            5.351207449508706,
            385.7485896287712,
            1847.910852676893
        ]
    },
    {
        "scene_id": 8,
        "image_id": 0,
        "category_id": 14,
        "R": [
            [
                0.9933790833269123,
                0.02855314761449178,
                -0.11127764631716446
            ],
            [
                0.06116578292167394,
                -0.9513712758202032,
                0.30191297180448623
            ],
            [
                -0.09724579069636674,
                -0.3067204155343151,
                -0.9468188015065477
            ]
        ],
        "t": [
            301.57331422840844,
            -45.285409723945804,
            1733.4677740968605
        ]
    },
    {
        "scene_id": 8,
        "image_id": 0,
        "category_id": 14,
        "R": [
            [
                0.9880845696840774,
                0.06036848142366549,
                -0.1415787046233704
            ],
            [
                0.13030880784715915,
                -0.8176356248737694,
                0.5607955059865705
            ],
            [
                -0.08190541953792292,
                -0.5725623384295213,
                -0.8157596894076311
            ]
        ],
        "t": [
            116.4981613270673,
            -99.22592137099309,
            1715.1889209766814
        ]
    }
]