[
    {
        "scene_id": 10,
        "image_id": 1,
        "category_id": 0,
        "R": [
            [
                0.7393613583903874,
                0.590535094462028,
                0.3234394991621759
            ],
            [
                0.42638220016577144,
                -0.03887294181883487,
                -0.9037074613704636
            ],
            [
                -0.5210979212123718,
                0.8060752127946857,
                -0.2805347984489956
            ]
        ],
        "t": [
            231.0319649459932,
            119.35907697342799,
            2081.7480885426976
        ]
    },
    {
        "scene_id": 10,
        "image_id": 1,
        "category_id": 0,
        "R": [
            [
                -0.05602514761614682,
                0.655126139005951,
                0.7534394139651697
            ],
            [
                0.978931957673597,
                -0.11236051927063852,
                0.17049163590943014
            ],
            [
                0.19635036633368116,
                0.7471177317271237,
                -0.6350288921728033
            ]
        ],
        "t": [
            320.0385155916381,
            22.20530911139184,
            2033.532754215381
        ]
    },
    {
        "scene_id": 10,
        "image_id": 1,
        "category_id": 0,
        "R": [
            [
                0.842843361090874,
                0.5073547308910744,
                0.1794610581656033
            ],
            [
                0.23092050894490251,
                -0.03974509453600909,
                -0.9721605361098821
            ],
            [
                -0.4860975453112514,
                0.8608202833195168,
                -0.1506574975988725
            ]
        ],
        "t": [
            364.3852279503999,
            -224.8843819807367,
            1994.6332575250658
        ]
    },
    {
        "scene_id": 10,
        "image_id": 1,
        "category_id": 0,
        "R": [
            [
                0.445758755061188,
                0.5149000334587316,
                0.7322411580353367
            ],
            [
                0.8924977368840589,
                -0.31860425047893726,
                -0.3192791618538393
            ],
            [
                0.06889829138758193,
                0.7958450501776883,
                -0.6015677408789604
            ]
        ],
        "t": [
            366.329897101946,
            -324.4371585676371,
            1989.4090362950847
        ]
    },
    {
        "scene_id": 10,
        "image_id": 1,
        "category_id": 0,
        "R": [
            [
                0.7499752591915908,
                0.5551764210454623,
                0.35960572549125536
            ],
            [
                0.4739779226399576,
                -0.0718350526160309,
                -0.8776016841517937
            ],
            [
                -0.4613914616584293,
                0.8286247163888363,
                -0.31701587312450213
            ]
        ],
        "t": [
            318.72668445519844,
            -377.1317115105613,
            2001.4943983616267
        ]
    },
    {
        "scene_id": 10,
        "image_id": 1,
        "category_id": 0,
        "R": [
            [
                0.8525503469977246,
                0.5122126124927093,
                -0.10390462515156426
            ],
            [
                -0.11009459919663306,
                -0.018340496774092798,
                -0.9937519143963018
            ],
            [
                -0.5109179204166494,
                0.8586628681393245,
                0.04075564734545143
            ]
        ],
        "t": [
            180.0525762965708,
            -529.4550940245442,
            2052.6053937322213
        ]
    },
    {
        "scene_id": 10,
        "image_id": 1,
        "category_id": 0,
        "R": [
            [
                -0.48715111042876663,
                0.7154008649952289,
                0.5008846410727045
            ],
            [
                0.7074521051628802,
                -0.013013411446878866,
                0.7066415158930486
            ],
            [
                0.5120501620046971,
                0.6985930853872743,
                -0.499772346128438
            ]
        ],
        "t": [
            320.3898707608321,
            -78.1932424483942,
            2024.5283015117363
        ]
    },
    {
        "scene_id": 10,
        "image_id": 1,
        "category_id": 0,
        "R": [
            [
                0.48128872959349717,
                0.5419318851362542,
                0.6889637264249676
            ],
            [
                0.8632162480802124,
                -0.1563930914486861,
                -0.4799989291216668
            ],
            [
                -0.15237755771202943,
                0.8257427491395251,
                -0.5430746334196508
            ]
        ],
        "t": [
            365.5119159665296,
            74.08777063004777,
            2018.3901132011324
        ]
    },
    {
        "scene_id": 10,
        "image_id": 1,
        "category_id": 0,
        "R": [
            [
                0.5559124196078881,
                0.5971962377560328,
                0.5782024394848029
            ],
            [
                0.6971828326235889,
                0.0438084625973437,
                -0.7155536167613912
            ],
            [
                -0.45265608425962717,
                0.800897948194218,
                -0.3920012898903575
            ]
        ],
        "t": [
            274.8125751066,
            71.43332543422036,
            2058.334152884258
        ]
    },
    {
        "scene_id": 10,
        "image_id": 1,
        "category_id": 0,
        "R": [
            [
                0.6932208761170875,
                0.5424478636961382,
                0.47454731879696427
            ],
            [
                0.6003439312265563,
                -0.07028113125581864,
                -0.7966478449034733
            ],
            [
                -0.3987881959757732,
                0.8371445109293807,
                -0.3743756240540611
            ]
        ],
        "t": [
            227.4750608054983,
            19.571425495689198,
            2072.5566671957154
        ]
    },
    {
        "scene_id": 10,
        "image_id": 1,
        "category_id": 0,
        "R": [
            [
                0.8563521537009927,
                0.5023616566412032,
                0.11955659947828501
            ],
            [
                0.11135830734626131,
                0.046423454245706076,
                -0.9926954478798493
            ],
            [
                -0.5042423544134635,
                0.8634104957254288,
                -0.01618731606559444
            ]
        ],
        "t": [
            -6.9817618521667555,
            -334.9794670728213,
            2138.3286210209353
        ]
    },
    {
        "scene_id": 10,
        "image_id": 1,
        "category_id": 0,
        "R": [
            [
                -0.7934567666944855,
                0.584308690039912,
                -0.1703224583576952
            ],
            [
                -0.1473786990319238,
                0.08706025528941762,
                0.9852411344341552
            ],
            [
                0.5905132668382637,
                0.8068481382450959,
                0.017036103225072756
            ]
        ],
        "t": [
            179.14594589417356,
            -531.5691085856033,
            2068.1738017231964
        ]
    },
    {
        "scene_id": 10,
        "image_id": 1,
        "category_id": 0,
        "R": [
            [
                0.7299536120009464,
                0.5783769975816535,
                0.3642084549892244
            ],
            [
                0.4491813451988503,
                -0.004299409400699526,
                -0.8934302973174006
            ],
            [
                -0.5151736467600597,
                0.81575830744028,
                -0.26293452196465605
            ]
        ],
        "t": [
            178.30519621064082,
            -433.69806894481565,
            2054.6111366386813
        ]
    },
    {
        "scene_id": 10,
        "image_id": 1,
        "category_id": 0,
        "R": [
            [
                -0.03884979516098943,
                0.6139216469842236,
                0.788410382015966
            ],
            [
                0.9913466906106846,
                -0.07532763318079407,
                0.10750604008670953
            ],
            [
                0.12538936938641684,
                0.7857646023102351,
                -0.6056827231445402
            ]
        ],
        "t": [
            295.9193330029932,
            74.83918887444588,
            2188.2442745819862
        ]
    },
    {
        "scene_id": 10,
        "image_id": 1,
        "category_id": 0,
        "R": [
            [
                0.42425623818944197,
                0.5775451150133297,
                0.6974584648364502
            ],
            [
                0.889656605112356,
                -0.12220466696268759,
                -0.43997409732051157
            ],
            [
                -0.16887221138597766,
                0.8071602769470937,
                -0.5656629109769992
            ]
        ],
        "t": [
            256.45332469267714,
            -119.63698864110812,
            1928.6427418191333
        ]
    },
    {
        "scene_id": 10,
        "image_id": 1,
        "category_id": 0,
        "R": [
            [
                -0.39665163082338484,
                0.5992579507341428,
                0.6953829289948805
            ],
            [
                0.8539112252019998,
                -0.03714903160163583,
                0.5190911585507723
            ],
            [
                0.33690230031940127,
                0.799693634832744,
                -0.4969778624467706
            ]
        ],
        "t": [
            165.12707509421693,
            -497.379335665652,
            1929.6882832127862
        ]
    },
    {
        "scene_id": 10,
        "image_id": 1,
        "category_id": 0,
        "R": [
            [
                0.0881671905980419,
                0.5900543226902911,
                0.8025350263178455
            ],
            [
                0.9958705492053738,
                -0.06972053450891899,
                -0.05814600806315479
            ],
            [
                0.02164386492621199,
                0.804347558981283,
                -0.5937647790047667
            ]
        ],
        "t": [
            392.3423437995964,
            -29.160316365105587,
            2136.0698689170986
        ]
    },
    {
        "scene_id": 10,
        "image_id": 1,
        "category_id": 0,
        "R": [
            [
                0.7962710034038901,
                0.5502970869747962,
                0.25124814605415535
            ],
            [
                0.24167401163755467,
                0.09136766815020472,
                -0.9660464188000015
            ],
            [
                -0.5545684815104341,
                0.8299548892996221,
                -0.0602390766656902
            ]
        ],
        "t": [
            391.1666176184865,
            -242.33460567832975,
            2118.474115434098
        ]
    },
    {
        "scene_id": 10,
        "image_id": 1,
        "category_id": 0,
        "R": [
            [
                0.5260906846341867,
                0.5294630131934961,
                0.6655054732243985
            ],
            [
                0.8391999786814284,
                -0.19646534081029768,
                -0.507094495732192
            ],
            [
                -0.13773902042640712,
                0.8252698608244459,
                -0.5476839274448767
            ]
        ],
        "t": [
            301.5489172965945,
            139.89433745915397,
            2640.123871392453
        ]
    }
]