[
    {
        "scene_id": 13,
        "image_id": 2,
        "category_id": 0,
        "R": [
            [
                -0.8007391825461333,
                0.03976294672408946,
                0.5976919807022475
            ],
            [
                0.5989160739134661,
                0.03517736771652458,
                0.8000388591837833
            ],
            [
                0.01078665864815438,
                0.9985897246808523,
                -0.051982562088731143
            ]
        ],
        "t": [
            171.98822482450325,
            -272.26910013587155,
            1709.3709003229287
        ]
    },
    {
        "scene_id": 13,
        "image_id": 2,
        "category_id": 0,
        "R": [
            [
                0.1792535182015899,
                -0.008807892392518812,
                0.9837635038140837
            ],
            [
                0.9543903987220438,
                -0.24112619326980714,
                -0.17606025315744564
            ],
            [
                0.23876184487759394,
                0.9704537944481835,
                -0.03481653739320202
            ]
        ],
        "t": [
            267.96018078156914,
            -274.1549888279473,
            1743.8199322681464
        ]
    },
    {
        "scene_id": 13,
        "image_id": 2,
        "category_id": 0,
        "R": [
            [
                0.6406880645455724,
                -0.040608641815999054,
                -0.7667266633887965
            ],
            [
                -0.764142632533318,
                0.0636462222118892,
                -0.641899744928037
            ],
            [
                0.07486593945605849,
                0.9971459634022731,
                0.009746578076204385
            ]
        ],
        "t": [
            -162.29760432810787,
            -60.11807043526619,
            1642.3710751214503
        ]
    },
    {
        "scene_id": 13,
        "image_id": 2,
        "category_id": 0,
        "R": [
            [
                0.9723757298477904,
                -0.12127776255127974,
                0.1994421683249083
            ],
            [
                0.1968147239780647,
                -0.03339368593928096,
                -0.9798718860954736
            ],
            [
                0.12549677738820372,
                0.9920567233443136,
                -0.008601949593046143
            ]
        ],
        "t": [
            218.43860528292342,
            -322.6127809921868,
            1727.2536356241517
        ]
    },
    {
        "scene_id": 13,
        "image_id": 2,
        "category_id": 0,
        "R": [
            [
                0.9497691529473208,
                -0.05583055660562108,
                0.3079310624984823
            ],
            [
                0.30632208578418196,
                -0.03560445144047984,
                -0.9512618933784348
            ],
            [
                0.06407319915971972,
                0.9978052158965806,
                -0.016713865001813554
            ]
        ],
        "t": [
            185.0677076716839,
            -370.9079650388792,
            1712.4185398597533
        ]
    },
    {
        "scene_id": 13,
        "image_id": 2,
        "category_id": 0,
        "R": [
            [
                0.6354997862598679,
                0.007317318572987203,
                0.7720663913842979
            ],
            [
                0.7695929089971485,
                -0.0865381293062526,
                -0.6326436545109375
            ],
            [
                0.062183920946513115,
                0.996221656287064,
                -0.06062630225123101
            ]
        ],
        "t": [
            -99.09096383438512,
            -417.3631415719276,
            1598.2682958787557
        ]
    },
    {
        "scene_id": 13,
        "image_id": 2,
        "category_id": 0,
        "R": [
            [
                0.8056734657556283,
                -0.07092521098125655,
                0.5880985591014377
            ],
            [
                0.5850723947853078,
                -0.05997307163994719,
                -0.8087605396739683
            ],
            [
                0.09263158477683338,
                0.9956770673777227,
                -0.006822316623534695
            ]
        ],
        "t": [
            258.58562942426374,
            -375.83340920466424,
            1730.4440268903732
        ]
    },
    {
        "scene_id": 13,
        "image_id": 2,
        "category_id": 0,
        "R": [
            [
                0.4953500191687483,
                0.06544323393201122,
                0.8662248991079914
            ],
            [
                0.8666535558009187,
                -0.10552673410713477,
                -0.48762260981396277
            ],
            [
                0.05949827704733299,
                0.9922606880229664,
                -0.1089892611080095
            ]
        ],
        "t": [
            69.06124793001266,
            -461.87820726062836,
            1672.287632148702
        ]
    },
    {
        "scene_id": 13,
        "image_id": 2,
        "category_id": 0,
        "R": [
            [
                0.45855733288570527,
                0.0033974455213724,
                0.8886583505562118
            ],
            [
                0.8877746120606786,
                -0.04650118501332028,
                -0.45792353615897785
            ],
            [
                0.03976788997382421,
                0.9989124462385773,
                -0.024339611356240673
            ]
        ],
        "t": [
            211.64410064392803,
            -41.42778573052212,
            1775.7431572584076
        ]
    },
    {
        "scene_id": 13,
        "image_id": 2,
        "category_id": 0,
        "R": [
            [
                -0.11543554065898072,
                0.03281900182415729,
                0.992772674515492
            ],
            [
                0.9933147054986362,
                0.0030227475867916054,
                0.11539863878164984
            ],
            [
                0.000786357377718398,
                0.9994567292992568,
                -0.032948519007500864
            ]
        ],
        "t": [
            174.63495986340587,
            -285.6778953022862,
            1700.2037715060826
        ]
    },
    {
        "scene_id": 13,
        "image_id": 2,
        "category_id": 0,
        "R": [
            [
                0.7741690471228495,
                -0.031250556797318946,
                -0.6322070257197123
            ],
            [
                -0.6262267202529455,
                0.10768302304539785,
                -0.7721687305145923
            ],
            [
                0.0922086723499337,
                0.9936939897169373,
                0.06379492572437692
            ]
        ],
        "t": [
            223.43002583422523,
            -412.17945696757255,
            1500.4613645130148
        ]
    }
]