[
    {
        "scene_id": 14,
        "image_id": 4,
        "category_id": 1,
        "R": [
            [
                0.41968343123724855,
                0.8835612482179677,
                -0.20781090535639796
            ],
            [
                0.800825299981122,
                -0.46821528844431953,
                -0.37343455862121777
            ],
            [
                -0.42725251982408097,
                -0.009695920833246361,
                -0.9040803340563552
            ]
        ],
        "t": [
            55.134402883854136,
            -89.14874583854436,
            1845.0314506389338
        ]
    },
    {
        "scene_id": 14,
        "image_id": 4,
        "category_id": 1,
        "R": [
            [
                0.4197805485355375,
                0.8834612286793766,
                -0.20803985840251454
            ],
            [
                0.8007849202488603,
                -0.46839981312155193,
                -0.3732897180009055
            ],
            [
                -0.4272327958038776,
                -0.009895405935910019,
                -0.9040874936283807
            ]
        ],
        "t": [
            299.92969416941025,
            -433.36483959282737,
            1960.480376849956
        ]
    },
    {
        "scene_id": 14,
        "image_id": 4,
        "category_id": 1,
        "R": [
            [
                0.4197694912384113,
                0.883474012202506,
                -0.20800788009318377
            ],
            [
                0.8007895951968761,
                -0.46837630601438635,
                -0.3733091844359244
            ],
            [
                -0.4272348975534188,
                -0.009866726775999176,
                -0.9040868138732744
            ]
        ],
        "t": [
            385.0897058286912,
            -422.87794759001736,
            2005.8710589547718
        ]
    },
    {
        "scene_id": 14,
        "image_id": 4,
        "category_id": 1,
        "R": [
            [
                0.4197608154090064,
                0.8834844975181626,
                -0.20798085172643546
            ],
            [
                0.800792777253973,
                -0.4683570539294607,
                -0.3733265124898821
            ],
            [
                -0.4272374573734268,
                -0.009841709678687227,
                -0.9040858768789448
            ]
        ],
        "t": [
            445.71225434165814,
            103.39806435717156,
            2001.5255670886131
        ]
    },
    {
        "scene_id": 14,
        "image_id": 4,
        "category_id": 1,
        "R": [
            [
                0.4194445538882673,
                0.8837921164023211,
                -0.2073108665535573
            ],
            [
                0.8009225552090488,
                -0.46778803897827703,
                -0.3737612849690831
            ],
            [
                -0.427304792883001,
                -0.009267800677035769,
                -0.9040601190485661
            ]
        ],
        "t": [
            120.10622040473035,
            -494.29736435147527,
            1906.8092378126535
        ]
    },
    {
        "scene_id": 14,
        "image_id": 4,
        "category_id": 1,
        "R": [
            [
                0.4198620852548133,
                0.8833670365270597,
                -0.20827516014995315
            ],
            [
                0.8007572962114643,
                -0.4685727629708389,
                -0.3731318873554669
            ],
            [
                -0.427204448905504,
                -0.01011390889477704,
                -0.9040984706803201
            ]
        ],
        "t": [
            211.25716241015402,
            -464.23327591238285,
            1939.2591949875819
        ]
    }
]