[
    {
        "scene_id": 8,
        "image_id": 4,
        "category_id": 14,
        "R": [
            [
                0.9916402088823354,
                0.1283094737277019,
                -0.01365192585384708
            ],
            [
                0.00678037381156216,
                0.05383951275286613,
                0.9985265812173005
            ],
            [
                0.12885543317522255,
                -0.990271672733425,
                0.052519439476937047
            ]
        ],
        "t": [
            320.9050431950244,
            -148.73435583666478,
            1837.616822478324
        ]
    },
    {
        "scene_id": 8,
        "image_id": 4,
        "category_id": 14,
        "R": [
            [
                0.9394589895420618,
                -0.16393830122294978,
                -0.30090038278596565
            ],
            [
                -0.33424787443598525,
                -0.2450311675382082,
                -0.9100758679197508
            ],
            [
                0.07546631966402668,
                0.955554268645688,
                -0.2849927617841742
            ]
        ],
        "t": [
            102.02237292193891,
            35.85983469347687,
            1761.1418324810527
        ]
    },
    {
        "scene_id": 8,
        "image_id": 4,
        "category_id": 14,
        "R": [
            [
                0.937232778994227,
                -0.19782382443357516,
                -0.2871592806531479
            ],
            [
                -0.342023827546956,
                -0.36109307846736266,
                -0.8675433649524923
            ],
            [
                0.06792951765535626,
                0.911305395117047,
                -0.4060887310202948
            ]
        ],
        "t": [
            19.764050237877342,
            -254.91383378717424,
            1717.4041195339792
        ]
    },
    {
        "scene_id": 8,
        "image_id": 4,
        "category_id": 14,
        "R": [
            [
                0.9953194637271284,
                -0.020810144320901038,
                0.09437215171482266
            ],
            [
                -0.04764685200189147,
                -0.9552700487689614,
                0.2918713953426362
            ],
            [
                0.08407700411082734,
                -0.2950018166355772,
                -0.9517904105219059
            ]
        ],
        "t": [
            386.6464260714575,
            -418.4188247236417,
            1799.877004081288
        ]
    },
    {
        "scene_id": 8,
        "image_id": 4,
        "category_id": 14,
        "R": [
            [
                0.9415469676789221,
                -0.18304955284085855,
                -0.28281118941687794
            ],
            [
                -0.3290812543297044,
                -0.3201481940490018,
                -0.8883752933844744
            ],
            [
                0.07207520866023097,
                0.9295149245988064,
                -0.361672737768082
            ]
        ],
        "t": [
            187.3328798958056,
            -475.9179772077386,
            1782.2459301358774
        ]
    },
    {
        "scene_id": 8,
        "image_id": 4,
        "category_id": 14,
        "R": [
            [
                0.9614054028763039,
                -0.23430232601613327,
                -0.14422923193195544
            ],
            [
                -0.26777211271519424,
                -0.6763430086428978,
                -0.6861911033465201
            ],
            [
                0.06322773894655348,
                0.6983284003127059,
                -0.7129794515583207
            ]
        ],
        "t": [
            308.3993747235097,
            1.0381280283751266,
            1826.164891193851
        ]
    }
]