[
    {
        "scene_id": 14,
        "image_id": 4,
        "category_id": 14,
        "R": [
            [
                0.8047902054557423,
                -0.3024896130585144,
                -0.5106983054546139
            ],
            [
                0.19684447620092468,
                -0.6756926765138435,
                0.7104165391478031
            ],
            [
                -0.5599687289409004,
                -0.6722644129338314,
                -0.4842474385177928
            ]
        ],
        "t": [
            166.26742664180097,
            -211.29879058249477,
            2026.0545652791998
        ]
    },
    {
        "scene_id": 14,
        "image_id": 4,
        "category_id": 14,
        "R": [
            [
                0.8380782938648437,
                -0.38679437924717347,
                -0.38472702210188847
            ],
            [
                -0.09230148992179825,
                -0.7955748491625407,
                0.5987830110634537
            ],
            [
                -0.5376850456455052,
                -0.4663161669541322,
                -0.7024557097258135
            ]
        ],
        "t": [
            -99.38002760441941,
            -260.1343885590555,
            2120.870530902431
        ]
    },
    {
        "scene_id": 14,
        "image_id": 4,
        "category_id": 14,
        "R": [
            [
                0.7903362810528956,
                -0.6104843387380988,
                0.05174393691037277
            ],
            [
                0.2888916011836396,
                0.4458106222389518,
                0.8472275561290907
            ],
            [
                -0.5402871510752698,
                -0.6546462871310158,
                0.5287041073497954
            ]
        ],
        "t": [
            4.112007461390476,
            -390.58573011566034,
            2091.4279400590463
        ]
    },
    {
        "scene_id": 14,
        "image_id": 4,
        "category_id": 14,
        "R": [
            [
                0.7421278127777647,
                -0.6645996100016767,
                0.08691183974183275
            ],
            [
                0.48010907858413066,
                0.6175829890527481,
                0.6229659094154114
            ],
            [
                -0.4676981742136566,
                -0.42059316449306716,
                0.777405819259748
            ]
        ],
        "t": [
            145.12048165544388,
            -368.5885558819409,
            2058.8411334356742
        ]
    },
    {
        "scene_id": 14,
        "image_id": 4,
        "category_id": 14,
        "R": [
            [
                0.5874094327963938,
                -0.7392770985147609,
                0.32927121021039146
            ],
            [
                0.7240212783096572,
                0.6618391307372163,
                0.19432486608732277
            ],
            [
                -0.3615844947127421,
                0.12425110316050576,
                0.924022898280518
            ]
        ],
        "t": [
            86.8668327835444,
            -257.9282603543769,
            2051.7996495730185
        ]
    },
    {
        "scene_id": 14,
        "image_id": 4,
        "category_id": 14,
        "R": [
            [
                0.8333422312770203,
                -0.37711636530273035,
                -0.4041336073516961
            ],
            [
                0.07216747955862843,
                -0.6506363366452169,
                0.7559525198919889
            ],
            [
                -0.5480260764456308,
                -0.6591324635137844,
                -0.5149871989456224
            ]
        ],
        "t": [
            25.97278716399046,
            -139.25089577438192,
            2096.6318894182155
        ]
    },
    {
        "scene_id": 14,
        "image_id": 4,
        "category_id": 14,
        "R": [
            [
                0.7644888848945471,
                0.38531223641559254,
                -0.5168086931748592
            ],
            [
                -0.3785157665722847,
                -0.3806367684162204,
                -0.8437069781540582
            ],
            [
                -0.5218070134914702,
                0.8406248455750468,
                -0.14514582209985089
            ]
        ],
        "t": [
            392.1442530196232,
            -260.04516218991586,
            1985.6373000385342
        ]
    }
]