[
    {
        "scene_id": 10,
        "image_id": 4,
        "category_id": 1,
        "R": [
            [
                0.06431953498213282,
                0.6773458669715177,
                -0.7328475964392048
            ],
            [
                0.8066976436654812,
                -0.46759358888183067,
                -0.3613795917061062
            ],
            [
                -0.5874538059778054,
                -0.5679426541964163,
                -0.5764887099511944
            ]
        ],
        "t": [
            -204.06532633498455,
            -359.9910869999684,
            2257.9090772822046
        ]
    },
    {
        "scene_id": 10,
        "image_id": 4,
        "category_id": 1,
        "R": [
            [
                0.06533370611497823,
                0.6747998636382738,
                -0.7351031740983593
            ],
            [
                0.806252212656182,
                -0.4697567782593232,
                -0.35956362556150495
            ],
            [
                -0.5879531796492022,
                -0.569186928660523,
                -0.5747498274006397
            ]
        ],
        "t": [
            -68.80484711562258,
            238.02562596004373,
            2335.367735624591
        ]
    },
    {
        "scene_id": 10,
        "image_id": 4,
        "category_id": 1,
        "R": [
            [
                0.06434241655296476,
                0.6773211887323806,
                -0.7328683963828116
            ],
            [
                0.8066829299508602,
                -0.46763089047878487,
                -0.36136416916514646
            ],
            [
                -0.5874715048336261,
                -0.5679413736362339,
                -0.5764719355141011
            ]
        ],
        "t": [
            -261.76517329291846,
            -306.6077513987935,
            2273.1573982439622
        ]
    }
]