[
    {
        "scene_id": 8,
        "image_id": 0,
        "category_id": 14,
        "R": [
            [
                0.730259177813486,
                -0.24300748600606065,
                -0.6384895417813707
            ],
            [
                0.6778731382798163,
                0.3739014015111412,
                0.6329974331280318
            ],
            [
                0.08490901964952864,
                -0.895067094520304,
                0.43777317721525333
            ]
        ],
        "t": [
            320.9947376779111,
            -0.783456498863984,
            1833.3233061535282
        ]
    },
    {
        "scene_id": 8,
        "image_id": 0,
        "category_id": 14,
        "R": [
            [
                0.9267387194926494,
                0.3385924758105225,
                -0.1628203952753598
            ],
            [
                0.3696817277472622,
                -0.7444997424508517,
                0.5559276514623236
            ],
            [
                0.06701317753190615,
                -0.5753914048846374,
                -0.8151281894413669
            ]
        ],
        "t": [
            21.259872584768218,
            -252.80203747911392,
            1718.0261011059774
        ]
    },
    {
        "scene_id": 8,
        "image_id": 0,
        "category_id": 14,
        "R": [
            [
                0.9724000033518279,
                -0.23311571851594032,
                -0.009761929223390208
            ],
            [
                -0.21366981081433947,
                -0.8729187187691966,
                -0.438586505000906
            ],
            [
                0.09372003749428388,
                0.4285673485032923,
                -0.8986359565301891
            ]
        ],
        "t": [
            99.24676523852334,
            33.34131898079431,
            1766.7606864925203
        ]
    },
    {
        "scene_id": 8,
        "image_id": 0,
        "category_id": 14,
        "R": [
            [
                0.9962033644154394,
                0.02887411997727429,
                0.08212881298847335
            ],
            [
                0.02240788165896424,
                -0.9966549404818416,
                0.07859272518937482
            ],
            [
                0.0841233829973303,
                -0.0764540045299967,
                -0.9935180127327391
            ]
        ],
        "t": [
            385.8153042873077,
            -416.82456637020425,
            1809.9371183259057
        ]
    },
    {
        "scene_id": 8,
        "image_id": 0,
        "category_id": 14,
        "R": [
            [
                0.9922212545306421,
                0.11666601801915714,
                0.04342835821431569
            ],
            [
                0.09329756700045201,
                -0.9278721133823981,
                0.3610386477914489
            ],
            [
                0.08241690390589441,
                -0.3541784598854588,
                -0.9315390880171006
            ]
        ],
        "t": [
            204.41388424793155,
            -470.74621249424825,
            1768.9189575183254
        ]
    }
]