[
    {
        "scene_id": 12,
        "image_id": 5,
        "category_id": 0,
        "R": [
            [
                -0.4161504189621981,
                0.7301531082554403,
                0.5419366134456506
            ],
            [
                0.526704602247753,
                -0.29226600476855435,
                0.7982248470125235
            ],
            [
                0.7412159922643781,
                0.6176221070105009,
                -0.26294838097640827
            ]
        ],
        "t": [
            2.7160382852468956,
            -32.7338545825686,
            1897.1530022365682
        ]
    },
    {
        "scene_id": 12,
        "image_id": 5,
        "category_id": 0,
        "R": [
            [
                0.38106091998305663,
                0.6020003820527484,
                0.7017037415893161
            ],
            [
                0.9103288068372098,
                -0.11169665250479718,
                -0.3985290243157545
            ],
            [
                -0.16153666622095234,
                0.7906449581306411,
                -0.5905815108547585
            ]
        ],
        "t": [
            -115.5844413547336,
            -141.21781342996468,
            1967.6351863786836
        ]
    },
    {
        "scene_id": 12,
        "image_id": 5,
        "category_id": 0,
        "R": [
            [
                -0.5615188560047385,
                0.6236480100691688,
                -0.543837990194074
            ],
            [
                -0.508793136583415,
                0.258083798662297,
                0.8212931017573153
            ],
            [
                0.6525535767350986,
                0.7378725911035707,
                0.17238890365392928
            ]
        ],
        "t": [
            28.82625556954804,
            -232.64804859720482,
            1876.6560320912035
        ]
    },
    {
        "scene_id": 12,
        "image_id": 5,
        "category_id": 0,
        "R": [
            [
                0.540100015135818,
                0.627094814636567,
                0.5612878876268868
            ],
            [
                0.8044631338938405,
                -0.18874985644651626,
                -0.5632163171088196
            ],
            [
                -0.24724702279986568,
                0.7557285467313277,
                -0.6064184518025727
            ]
        ],
        "t": [
            -229.48255130479038,
            -181.75109145613357,
            2051.9721203196937
        ]
    },
    {
        "scene_id": 12,
        "image_id": 5,
        "category_id": 0,
        "R": [
            [
                0.8358036731838648,
                0.5167693592779364,
                -0.18542296215480986
            ],
            [
                -0.2603098149504797,
                0.07563830867816204,
                -0.9625578987579168
            ],
            [
                -0.48339534303613035,
                0.8527768348661454,
                0.19773891261289905
            ]
        ],
        "t": [
            39.859473449201005,
            -326.9913214984861,
            1893.1884769925573
        ]
    },
    {
        "scene_id": 12,
        "image_id": 5,
        "category_id": 0,
        "R": [
            [
                0.5855704741928575,
                0.624968405954726,
                0.5162574328785926
            ],
            [
                0.6997814267949759,
                -0.06827107702651532,
                -0.7110872497204047
            ],
            [
                -0.4091616109420989,
                0.7776590526811327,
                -0.47731880250941394
            ]
        ],
        "t": [
            -92.14601978016549,
            -488.50857792372017,
            1991.494943489399
        ]
    }
]