[
    {
        "scene_id": 14,
        "image_id": 3,
        "category_id": 14,
        "R": [
            [
                0.9694440567308079,
                0.021060841138745578,
                0.24440675489814612
            ],
            [
                -0.194275313336013,
                -0.5424172537607883,
                0.8173375223558494
            ],
            [
                0.14978425650751087,
                -0.8398452022802377,
                -0.5217515814152931
            ]
        ],
        "t": [
            -117.82185179213508,
            -151.83506167514233,
            1635.7155581704944
        ]
    },
    {
        "scene_id": 14,
        "image_id": 3,
        "category_id": 14,
        "R": [
            [
                0.991331079463135,
                0.12389149841259595,
                -0.04374457122362388
            ],
            [
                0.07066497446565799,
                -0.2220670494939273,
                0.9724673192004094
            ],
            [
                0.11076620547001166,
                -0.9671282862940904,
                -0.22889675745984622
            ]
        ],
        "t": [
            -38.35398305196017,
            -300.26409450640233,
            1645.3078493727137
        ]
    },
    {
        "scene_id": 14,
        "image_id": 3,
        "category_id": 14,
        "R": [
            [
                0.9464126036106266,
                0.3016276797923481,
                -0.11542931391132795
            ],
            [
                0.31510956500500253,
                -0.7840888681916449,
                0.5347060957388677
            ],
            [
                0.0707753189276686,
                -0.5424254691301191,
                -0.8371173541801991
            ]
        ],
        "t": [
            167.0118216316202,
            -158.6375169950432,
            1659.3435113974595
        ]
    },
    {
        "scene_id": 14,
        "image_id": 3,
        "category_id": 14,
        "R": [
            [
                0.8164175832727785,
                -0.5717882557322179,
                -0.0807497388834364
            ],
            [
                0.5738707818174048,
                0.8189396232062145,
                0.0031967669829479333
            ],
            [
                0.0643012869180395,
                -0.04894981255909347,
                0.9967292813753963
            ]
        ],
        "t": [
            34.89356574004556,
            -59.229700242313015,
            1670.1526655970983
        ]
    },
    {
        "scene_id": 14,
        "image_id": 3,
        "category_id": 14,
        "R": [
            [
                0.6826388553291542,
                -0.6686953424493107,
                -0.2947044827984474
            ],
            [
                0.7267785001924488,
                0.6632842914489796,
                0.178457166779705
            ],
            [
                0.07613937780751759,
                -0.33600667806402895,
                0.938777027543527
            ]
        ],
        "t": [
            76.45758830157223,
            -187.84868510003176,
            1651.817359788047
        ]
    },
    {
        "scene_id": 14,
        "image_id": 3,
        "category_id": 14,
        "R": [
            [
                0.8584241690809324,
                -0.47398480813813065,
                -0.19607740204310029
            ],
            [
                0.509598913494699,
                0.8316250585924798,
                0.22070049679617304
            ],
            [
                0.05845419833283033,
                -0.2893754716200309,
                0.9554291931493151
            ]
        ],
        "t": [
            107.62685427239691,
            -307.07351207738867,
            1677.9912777769755
        ]
    },
    {
        "scene_id": 14,
        "image_id": 3,
        "category_id": 14,
        "R": [
            [
                0.9352097016844086,
                -0.14478802497158064,
                -0.3231396628397515
            ],
            [
                -0.3448229451576604,
                -0.1649297503038678,
                -0.9240645615742986
            ],
            [
                0.08049813891113605,
                0.97562011320469,
                -0.20417013577482576
            ]
        ],
        "t": [
            384.4028306389318,
            -253.32089012281915,
            1712.156554466958
        ]
    }
]