[
    {
        "scene_id": 8,
        "image_id": 5,
        "category_id": 14,
        "R": [
            [
                0.773433237907868,
                0.4724654845796496,
                -0.42258418377912393
            ],
            [
                -0.3386108725260269,
                -0.25562334257163566,
                -0.9055381735408329
            ],
            [
                -0.5358579135428658,
                0.8434649207960119,
                -0.03772563955806558
            ]
        ],
        "t": [
            -201.31566716680527,
            -0.779587442271577,
            1950.4679691020347
        ]
    },
    {
        "scene_id": 8,
        "image_id": 5,
        "category_id": 14,
        "R": [
            [
                0.7726068339875737,
                0.465624892722528,
                -0.43159256174409677
            ],
            [
                -0.3466129247688614,
                -0.2601977441180396,
                -0.9011973226430817
            ],
            [
                -0.5319193176214542,
                0.8458667703799562,
                -0.03963894938200452
            ]
        ],
        "t": [
            -299.8193491216558,
            -266.83634418759783,
            2047.6320654067301
        ]
    },
    {
        "scene_id": 8,
        "image_id": 5,
        "category_id": 14,
        "R": [
            [
                0.7172340676219959,
                -0.6177731516044854,
                -0.322384282183651
            ],
            [
                0.48299393152408476,
                0.10725294810663855,
                0.8690303028280097
            ],
            [
                -0.5022869243304208,
                -0.7790077908975603,
                0.3753061515184501
            ]
        ],
        "t": [
            1.0988867197984291,
            -215.03762264491425,
            1898.573549533821
        ]
    }
]