[
    {
        "scene_id": 11,
        "image_id": 0,
        "category_id": 0,
        "R": [
            [
                -0.666633144584409,
                0.24715176445665735,
                0.7032185076027965
            ],
            [
                0.6722652541572125,
                -0.20814917621480236,
                0.7104459406094655
            ],
            [
                0.32196231127245156,
                0.9463561031334146,
                -0.02739238562870953
            ]
        ],
        "t": [
            347.4275894912122,
            431.0482896018773,
            1850.828934793749
        ]
    },
    {
        "scene_id": 11,
        "image_id": 0,
        "category_id": 0,
        "R": [
            [
                0.62512045248163,
                0.19860690449754204,
                0.7548375526844873
            ],
            [
                0.7721737588370363,
                -0.29847850164497797,
                -0.5609441650054671
            ],
            [
                0.1138954063126736,
                0.9335233424945274,
                -0.33994404252304256
            ]
        ],
        "t": [
            -29.873214226547645,
            32.1943703283971,
            1711.6837111347074
        ]
    },
    {
        "scene_id": 11,
        "image_id": 0,
        "category_id": 0,
        "R": [
            [
                -0.039393828040332174,
                0.3041438034427281,
                0.9518112663271852
            ],
            [
                0.9315237416559332,
                -0.3334751436071472,
                0.14511351888074311
            ],
            [
                0.36154076965050447,
                0.8923512934257369,
                -0.2701802872345193
            ]
        ],
        "t": [
            374.41802179855665,
            223.38531554954335,
            1821.6157049586943
        ]
    },
    {
        "scene_id": 11,
        "image_id": 0,
        "category_id": 0,
        "R": [
            [
                0.2065986215787285,
                0.1972371903983672,
                0.9583394564835407
            ],
            [
                0.9396274822513841,
                -0.31308263506968476,
                -0.13812872347986554
            ],
            [
                0.2727953213652422,
                0.9290192164055375,
                -0.25001190931367184
            ]
        ],
        "t": [
            387.6875717005448,
            483.53788983806385,
            1876.4963709514448
        ]
    },
    {
        "scene_id": 11,
        "image_id": 0,
        "category_id": 0,
        "R": [
            [
                -0.7263296385900813,
                0.1631191370722918,
                -0.6677105786147416
            ],
            [
                -0.6870419899571752,
                -0.20121018784828887,
                0.6982033016078989
            ],
            [
                -0.02045986494318899,
                0.9658708779633459,
                0.2582146154597258
            ]
        ],
        "t": [
            430.80048506380604,
            189.52336773755684,
            1845.2998419985586
        ]
    },
    {
        "scene_id": 11,
        "image_id": 0,
        "category_id": 0,
        "R": [
            [
                -0.010463430450784439,
                0.22039934396519556,
                0.9753536073499464
            ],
            [
                0.9642264959339426,
                -0.2561495408635076,
                0.06822582567323376
            ],
            [
                0.2648733074211538,
                0.9411755895483814,
                -0.20983466649299864
            ]
        ],
        "t": [
            -35.567975756453166,
            380.1123060276735,
            1761.431432610649
        ]
    },
    {
        "scene_id": 11,
        "image_id": 0,
        "category_id": 0,
        "R": [
            [
                -0.8853813418193394,
                0.14041237121904107,
                -0.4431526363844319
            ],
            [
                -0.454264849444909,
                -0.058910823297942956,
                0.8889167832207816
            ],
            [
                0.09870840875499373,
                0.9883389230287188,
                0.11594295957789506
            ]
        ],
        "t": [
            411.06474603180766,
            41.145165350312254,
            1816.966022097596
        ]
    },
    {
        "scene_id": 11,
        "image_id": 0,
        "category_id": 0,
        "R": [
            [
                0.9845979206130349,
                0.08607342336334167,
                -0.15217855986519147
            ],
            [
                -0.1529124906399618,
                0.0019600433371084517,
                -0.988237832948542
            ],
            [
                -0.0847627336251814,
                0.9962868418475971,
                0.01509153265643625
            ]
        ],
        "t": [
            311.2940523304776,
            385.41376174899733,
            1825.298175448544
        ]
    },
    {
        "scene_id": 11,
        "image_id": 0,
        "category_id": 0,
        "R": [
            [
                0.9918086992060617,
                0.09164827885008395,
                -0.08897252795462524
            ],
            [
                -0.07020375525536128,
                -0.19079251265884528,
                -0.9791168142238179
            ],
            [
                -0.106709656254608,
                0.9773427004070097,
                -0.18279562858927764
            ]
        ],
        "t": [
            128.16732080638178,
            246.9970569687377,
            1788.2238639752227
        ]
    },
    {
        "scene_id": 11,
        "image_id": 0,
        "category_id": 0,
        "R": [
            [
                -0.16814063421429304,
                0.2512778232729741,
                0.9531989279394156
            ],
            [
                0.9517092490818225,
                -0.2105847814128582,
                0.22339122875314849
            ],
            [
                0.256862451387971,
                0.9447293018314303,
                -0.2037355490243482
            ]
        ],
        "t": [
            161.08873814450823,
            324.8449441268735,
            2357.441864695834
        ]
    },
    {
        "scene_id": 11,
        "image_id": 0,
        "category_id": 0,
        "R": [
            [
                0.4288363516178639,
                0.2989505638745618,
                0.852483405972105
            ],
            [
                0.8775166006108144,
                -0.36204290950603596,
                -0.31446722144489675
            ],
            [
                0.21462542288488493,
                0.8829232407665145,
                -0.41759121802790744
            ]
        ],
        "t": [
            309.3036194951121,
            383.80910668525013,
            1845.1039212129206
        ]
    },
    {
        "scene_id": 11,
        "image_id": 0,
        "category_id": 0,
        "R": [
            [
                -0.9753832435290674,
                0.07976964611830366,
                -0.20558294036353583
            ],
            [
                -0.2204932610317054,
                -0.3392519790749279,
                0.914489421791077
            ],
            [
                0.0032040728038826294,
                0.937307231986832,
                0.34848935907835515
            ]
        ],
        "t": [
            278.639687773946,
            -126.8068494600401,
            1758.8168028416792
        ]
    },
    {
        "scene_id": 11,
        "image_id": 0,
        "category_id": 0,
        "R": [
            [
                -0.6446400025048579,
                0.10120839995899109,
                0.7577573097739924
            ],
            [
                0.7462937404933839,
                -0.13163913273971567,
                0.6524698289318507
            ],
            [
                0.1657859465579258,
                0.9861176108636159,
                0.009328669611409011
            ]
        ],
        "t": [
            365.3159403902358,
            -21.518598070174903,
            1813.1780785057747
        ]
    },
    {
        "scene_id": 11,
        "image_id": 0,
        "category_id": 0,
        "R": [
            [
                -0.8568070218360301,
                0.1637013509150987,
                0.48896176599882013
            ],
            [
                0.4648652869381562,
                -0.16508983342862163,
                0.8698538371087671
            ],
            [
                0.22311885802980333,
                0.9725981491564946,
                0.06535106775738327
            ]
        ],
        "t": [
            441.86794679666116,
            -64.71942542013414,
            1761.4116971007113
        ]
    },
    {
        "scene_id": 11,
        "image_id": 0,
        "category_id": 0,
        "R": [
            [
                -0.8841691857382972,
                0.26266594772450613,
                0.38633077079687
            ],
            [
                0.352804256430242,
                -0.16664154612471385,
                0.9207387456734394
            ],
            [
                0.3062254566040829,
                0.9503878909436989,
                0.054669672428148006
            ]
        ],
        "t": [
            285.6721631375351,
            351.4844061011718,
            1627.135869156233
        ]
    },
    {
        "scene_id": 11,
        "image_id": 0,
        "category_id": 0,
        "R": [
            [
                0.25195124853847695,
                0.14620991564661967,
                0.9566311946064434
            ],
            [
                0.9146680289570527,
                -0.358839944264523,
                -0.18605476945911317
            ],
            [
                0.31607442890941434,
                0.9218766220735838,
                -0.22414369424986802
            ]
        ],
        "t": [
            462.2992327028164,
            -64.57332079130515,
            1819.4084342908786
        ]
    }
]