[
    {
        "scene_id": 10,
        "image_id": 3,
        "category_id": 0,
        "R": [
            [
                0.40701653212840927,
                0.12263236371876325,
                0.9051512909511611
            ],
            [
                0.8740204621567123,
                -0.34018988095037583,
                -0.34692818084549737
            ],
            [
                0.265378686540495,
                0.9323261757245583,
                -0.24564608972473911
            ]
        ],
        "t": [
            402.7340705691272,
            227.07814335573045,
            1969.2272945868942
        ]
    },
    {
        "scene_id": 10,
        "image_id": 3,
        "category_id": 0,
        "R": [
            [
                0.9696578111267783,
                0.10899967607435998,
                -0.21882141920787845
            ],
            [
                -0.19449686348269815,
                -0.19830474112936738,
                -0.9606488878749805
            ],
            [
                -0.1481037354030147,
                0.9740606986050487,
                -0.17108765472970414
            ]
        ],
        "t": [
            367.1542239124519,
            -15.114288678893331,
            1895.3422942501702
        ]
    },
    {
        "scene_id": 10,
        "image_id": 3,
        "category_id": 0,
        "R": [
            [
                0.3746975330183004,
                0.13198531892205526,
                0.9177045537136027
            ],
            [
                0.8756682094199272,
                -0.37561295294663777,
                -0.3035130682926761
            ],
            [
                0.3046424447535479,
                0.9173302226243701,
                -0.2563165818332796
            ]
        ],
        "t": [
            393.18662508731427,
            418.1077317765921,
            2028.1631182407514
        ]
    },
    {
        "scene_id": 10,
        "image_id": 3,
        "category_id": 0,
        "R": [
            [
                0.1551161587689615,
                0.17480355882344353,
                0.9723079279112463
            ],
            [
                0.9021513102766092,
                -0.4261363385396412,
                -0.06731211166390984
            ],
            [
                0.4025693332520707,
                0.8876099898664443,
                -0.22379987583210528
            ]
        ],
        "t": [
            414.39220413659905,
            35.919048165788126,
            1915.9276972364905
        ]
    },
    {
        "scene_id": 10,
        "image_id": 3,
        "category_id": 0,
        "R": [
            [
                0.708079336331531,
                0.16926276959640524,
                0.6855463382270331
            ],
            [
                0.7038649520873858,
                -0.24693263332435164,
                -0.6660318985281061
            ],
            [
                0.056549370447183014,
                0.954135386659115,
                -0.2939860187748413
            ]
        ],
        "t": [
            242.3023873420176,
            462.1832078458519,
            2029.6756109775854
        ]
    },
    {
        "scene_id": 10,
        "image_id": 3,
        "category_id": 0,
        "R": [
            [
                0.518570916463944,
                0.1754869309724591,
                0.8368324534954731
            ],
            [
                0.8380745422690714,
                -0.29828721971176214,
                -0.45678866250328837
            ],
            [
                0.1694559914628358,
                0.9382052122881182,
                -0.3017541933444287
            ]
        ],
        "t": [
            218.75501657847735,
            -66.28137307788904,
            1865.895045480627
        ]
    },
    {
        "scene_id": 10,
        "image_id": 3,
        "category_id": 0,
        "R": [
            [
                0.9787100942121345,
                -0.009959860091539968,
                -0.20500577124040092
            ],
            [
                -0.20358670181833388,
                -0.17391838092809245,
                -0.9634858263890096
            ],
            [
                -0.026058090237806815,
                0.9847096734836778,
                -0.1722433786507301
            ]
        ],
        "t": [
            198.7911690331905,
            320.09956217806115,
            1978.2282423197712
        ]
    },
    {
        "scene_id": 10,
        "image_id": 3,
        "category_id": 0,
        "R": [
            [
                0.9807163238888688,
                0.18325968577936508,
                0.06790723962577865
            ],
            [
                0.08824854063917106,
                -0.10522193734980731,
                -0.9905254287547797
            ],
            [
                -0.17437803203729485,
                0.9774170948860409,
                -0.11936528463303481
            ]
        ],
        "t": [
            293.8327933876586,
            416.33244240102806,
            2018.4125703604047
        ]
    },
    {
        "scene_id": 10,
        "image_id": 3,
        "category_id": 0,
        "R": [
            [
                -0.7479171502454718,
                0.25425494711577595,
                0.6131674908240707
            ],
            [
                0.5673533244162733,
                -0.23465075684895792,
                0.7893347285014412
            ],
            [
                0.3445724617823037,
                0.9382395180434767,
                0.031246951387608555
            ]
        ],
        "t": [
            43.12040684811325,
            458.06203086908283,
            2006.4372662559856
        ]
    },
    {
        "scene_id": 10,
        "image_id": 3,
        "category_id": 0,
        "R": [
            [
                0.37814573578050437,
                0.17840008692999498,
                0.9083937610210845
            ],
            [
                0.8926063047472368,
                -0.33046190020666955,
                -0.3066740994471318
            ],
            [
                0.24547884382723872,
                0.9268054229313661,
                -0.2842037858059697
            ]
        ],
        "t": [
            407.8175838326083,
            130.45907280060453,
            1941.938186238836
        ]
    },
    {
        "scene_id": 10,
        "image_id": 3,
        "category_id": 0,
        "R": [
            [
                -0.19588552554875263,
                0.24213773233788685,
                0.9502621706804889
            ],
            [
                0.8889209114330908,
                -0.36532409917068864,
                0.2763295167305097
            ],
            [
                0.414063462397774,
                0.898836790504009,
                -0.14367957318913235
            ]
        ],
        "t": [
            345.5558726042285,
            369.08368943443236,
            2007.819918854999
        ]
    },
    {
        "scene_id": 10,
        "image_id": 3,
        "category_id": 0,
        "R": [
            [
                0.9030659706633818,
                0.012058299629222781,
                0.42933257925237395
            ],
            [
                0.4204919071351319,
                -0.2284948935016936,
                -0.8780528034873181
            ],
            [
                0.08751248111081363,
                0.9734704026972332,
                -0.21141638377975383
            ]
        ],
        "t": [
            15.383973269817659,
            26.550980172389927,
            1873.5943235032494
        ]
    },
    {
        "scene_id": 10,
        "image_id": 3,
        "category_id": 0,
        "R": [
            [
                0.24173128508878347,
                0.19322259232887914,
                0.9509106315478193
            ],
            [
                0.9399287107795257,
                -0.29005853267122594,
                -0.18000042308667774
            ],
            [
                0.2410395969310544,
                0.9372998593485373,
                -0.25173166861703866
            ]
        ],
        "t": [
            52.81495287005521,
            267.3310558380108,
            1948.451539976543
        ]
    },
    {
        "scene_id": 10,
        "image_id": 3,
        "category_id": 0,
        "R": [
            [
                0.04072191358263382,
                0.17133484116071301,
                0.9843709217191666
            ],
            [
                0.9736788089844624,
                -0.2279238753916792,
                -0.0006082725261614366
            ],
            [
                0.22425742185155453,
                0.9584857982400994,
                -0.1761065868294684
            ]
        ],
        "t": [
            299.54746172874206,
            319.09666079485646,
            1988.2532870709601
        ]
    },
    {
        "scene_id": 10,
        "image_id": 3,
        "category_id": 0,
        "R": [
            [
                -0.29773379783034704,
                0.3080399411952381,
                0.903585078354879
            ],
            [
                0.8830069043261026,
                -0.27088639435831485,
                0.38330073610471255
            ],
            [
                0.36284083220962016,
                0.9119933708729328,
                -0.19134933648551872
            ]
        ],
        "t": [
            352.1140748531352,
            272.58958401110976,
            1979.0413676759488
        ]
    },
    {
        "scene_id": 10,
        "image_id": 3,
        "category_id": 0,
        "R": [
            [
                -0.27958724916334193,
                0.16673704989719357,
                0.9455314589502015
            ],
            [
                0.9209443469230751,
                -0.23187041784319556,
                0.31320553193403555
            ],
            [
                0.27146374085419395,
                0.9583500465353091,
                -0.08872751723907486
            ]
        ],
        "t": [
            -26.19016127125218,
            -117.46980061444424,
            1825.4537288748704
        ]
    },
    {
        "scene_id": 10,
        "image_id": 3,
        "category_id": 0,
        "R": [
            [
                0.9619938267713267,
                0.08818541209611507,
                0.2584399812624524
            ],
            [
                0.27263087396598296,
                -0.2564383949020473,
                -0.9273143168392447
            ],
            [
                -0.015501653715234282,
                0.9625292868303111,
                -0.27073421899386374
            ]
        ],
        "t": [
            46.762695978709814,
            363.4023228381303,
            1975.8016503526792
        ]
    },
    {
        "scene_id": 10,
        "image_id": 3,
        "category_id": 0,
        "R": [
            [
                0.5243267390035223,
                0.09079936306029011,
                0.8466622467084606
            ],
            [
                0.8297906505972994,
                -0.2776570457775646,
                -0.48410136040483875
            ],
            [
                0.19112564719814198,
                0.956379624767495,
                -0.22092746981955205
            ]
        ],
        "t": [
            246.39393412064635,
            366.6085475858989,
            1997.9768427702195
        ]
    },
    {
        "scene_id": 10,
        "image_id": 3,
        "category_id": 0,
        "R": [
            [
                0.988924029489417,
                0.10123425458906253,
                -0.10853986900605886
            ],
            [
                -0.08276650771765515,
                -0.23089445049022517,
                -0.9694521875613413
            ],
            [
                -0.12320301527197448,
                0.9676979504043186,
                -0.21995826972261606
            ]
        ],
        "t": [
            223.1401164470617,
            -162.54287217076876,
            1842.1342127906203
        ]
    },
    {
        "scene_id": 10,
        "image_id": 3,
        "category_id": 0,
        "R": [
            [
                0.9689529162727053,
                0.20065774825248678,
                0.14445320238922202
            ],
            [
                0.1946772899764976,
                -0.2590131354211675,
                -0.9460512853334814
            ],
            [
                -0.15241722757426335,
                0.9448008317469785,
                -0.29003503870564556
            ]
        ],
        "t": [
            191.09508011727382,
            464.927524608862,
            2026.4888564877701
        ]
    },
    {
        "scene_id": 10,
        "image_id": 3,
        "category_id": 0,
        "R": [
            [
                -0.17426381262598847,
                0.15169261064673956,
                0.9729447512844043
            ],
            [
                0.9571452231387533,
                -0.20600811399764632,
                0.20355285511195512
            ],
            [
                0.23131198111434953,
                0.9667212390945898,
                -0.10929208518720829
            ]
        ],
        "t": [
            324.7477415784218,
            -159.75672501241183,
            1847.1351821582819
        ]
    },
    {
        "scene_id": 10,
        "image_id": 3,
        "category_id": 0,
        "R": [
            [
                -0.5972773922816796,
                0.23399920821426848,
                0.7671402093437237
            ],
            [
                0.76056217331783,
                -0.1383445346942041,
                0.6343548346727821
            ],
            [
                0.2545681819492068,
                0.962343549589157,
                -0.09534086170897138
            ]
        ],
        "t": [
            171.54557337899422,
            -110.67304446349715,
            1742.1405638478457
        ]
    },
    {
        "scene_id": 10,
        "image_id": 3,
        "category_id": 0,
        "R": [
            [
                -0.32206918968258563,
                0.2203109096725773,
                0.9207250152483555
            ],
            [
                0.8610468074949698,
                -0.3361055118830682,
                0.38161704131101204
            ],
            [
                0.3935351393523494,
                0.9156943486240059,
                -0.08144876058711216
            ]
        ],
        "t": [
            251.6001842469526,
            392.1555199027573,
            2141.207579349375
        ]
    },
    {
        "scene_id": 10,
        "image_id": 3,
        "category_id": 0,
        "R": [
            [
                -0.3945902736434971,
                0.18701689344273706,
                0.8996239275834201
            ],
            [
                0.8942098172594403,
                -0.1470887163187718,
                0.42279285505193165
            ],
            [
                0.21139393895124486,
                0.9712824186643629,
                -0.10919254725655363
            ]
        ],
        "t": [
            95.9762673596569,
            220.85872192407476,
            2688.7802362185366
        ]
    },
    {
        "scene_id": 10,
        "image_id": 3,
        "category_id": 0,
        "R": [
            [
                0.7432200313632287,
                0.19065269852014952,
                0.6413076851988183
            ],
            [
                0.6665151398321286,
                -0.29430087981076736,
                -0.6849413453366616
            ],
            [
                0.05815151087405934,
                0.936503331385572,
                -0.34580320804611114
            ]
        ],
        "t": [
            51.314437258440705,
            431.65936252309217,
            1881.8058031809956
        ]
    },
    {
        "scene_id": 10,
        "image_id": 3,
        "category_id": 0,
        "R": [
            [
                0.9077344395128719,
                0.1389876242746237,
                -0.39585431813785793
            ],
            [
                -0.38071037784054856,
                -0.12358317418097899,
                -0.9163988723794294
            ],
            [
                -0.17628903027865947,
                0.9825525858870953,
                -0.05926668860484811
            ]
        ],
        "t": [
            50.38994063427816,
            -244.02612174446415,
            2551.3370602402547
        ]
    },
    {
        "scene_id": 10,
        "image_id": 3,
        "category_id": 0,
        "R": [
            [
                0.8274335543697413,
                0.2052990193839358,
                0.522691150977986
            ],
            [
                0.5586013685585176,
                -0.20542350660932904,
                -0.8035955325979035
            ],
            [
                -0.05760430857693175,
                0.9568978222776953,
                -0.28465461169946077
            ]
        ],
        "t": [
            374.307217505504,
            87.85790193852228,
            2056.972276335787
        ]
    },
    {
        "scene_id": 10,
        "image_id": 3,
        "category_id": 0,
        "R": [
            [
                -0.585942698055491,
                0.22805049212191278,
                0.7776015311237785
            ],
            [
                0.7422763033868996,
                -0.23393814149703668,
                0.6279322586215973
            ],
            [
                0.32511090940893383,
                0.945127434298465,
                -0.032202113717707134
            ]
        ],
        "t": [
            202.31302774035032,
            -68.41299049773204,
            1671.3611737950648
        ]
    },
    {
        "scene_id": 10,
        "image_id": 3,
        "category_id": 0,
        "R": [
            [
                -0.6012362470347835,
                0.36236307690629566,
                0.7121853616258695
            ],
            [
                0.6643193101532524,
                -0.26863122334525535,
                0.6975078537450078
            ],
            [
                0.4440662979246713,
                0.8924854181187887,
                -0.07921393880498385
            ]
        ],
        "t": [
            335.37867860890276,
            346.97728243252214,
            1882.6047326905832
        ]
    },
    {
        "scene_id": 10,
        "image_id": 3,
        "category_id": 0,
        "R": [
            [
                0.266016961890614,
                0.108411996582739,
                0.9578527175673054
            ],
            [
                0.8829780161761116,
                -0.4260770039822804,
                -0.19699821233100512
            ],
            [
                0.3867620370182248,
                0.8981676799813793,
                -0.209069108111582
            ]
        ],
        "t": [
            54.10174572003831,
            365.8481855326599,
            2538.5382264099717
        ]
    },
    {
        "scene_id": 10,
        "image_id": 3,
        "category_id": 0,
        "R": [
            [
                0.766416078535919,
                0.1985225012706456,
                0.6108970654852676
            ],
            [
                0.6407272650434995,
                -0.3037154136397359,
                -0.705142258967615
            ],
            [
                0.04555226102564582,
                0.9318506928107859,
                -0.35997114388753737
            ]
        ],
        "t": [
            324.6565858220215,
            33.08402762397907,
            2041.3009428940736
        ]
    },
    {
        "scene_id": 10,
        "image_id": 3,
        "category_id": 0,
        "R": [
            [
                0.9377541279313527,
                0.1266076030285247,
                0.3234002535105986
            ],
            [
                0.3462197229836281,
                -0.26740860418088924,
                -0.8992355797351425
            ],
            [
                -0.02737004087567744,
                0.9552293439742287,
                -0.2945975693742575
            ]
        ],
        "t": [
            122.21522233707401,
            -308.0953141626874,
            2534.2369280590997
        ]
    }
]