[
    {
        "scene_id": 7,
        "image_id": 3,
        "category_id": 0,
        "R": [
            [
                0.8036773043966123,
                0.04352511841860124,
                0.5934714601426558
            ],
            [
                0.5876695589375519,
                -0.2148030602109758,
                -0.7800667565119225
            ],
            [
                0.09352696146651548,
                0.9756870109415149,
                -0.1982107348630082
            ]
        ],
        "t": [
            27.093866831938612,
            188.48615578755818,
            1747.1317817960169
        ]
    },
    {
        "scene_id": 7,
        "image_id": 3,
        "category_id": 0,
        "R": [
            [
                -0.932594750922714,
                0.2651858383641231,
                0.24483366031232778
            ],
            [
                0.20171586564473987,
                -0.17956237507783807,
                0.9628437426688125
            ],
            [
                0.29929544703554084,
                0.9473298013969551,
                0.11396672332343907
            ]
        ],
        "t": [
            232.7103013140843,
            21.625043910118734,
            1761.2234069085969
        ]
    },
    {
        "scene_id": 7,
        "image_id": 3,
        "category_id": 0,
        "R": [
            [
                -0.43162524659580853,
                0.2590432477776257,
                0.8640580199392524
            ],
            [
                0.8339525538099469,
                -0.2505222207377423,
                0.4916927543734862
            ],
            [
                0.34383541395020767,
                0.9328103470660999,
                -0.10789808050281596
            ]
        ],
        "t": [
            419.8044493390005,
            68.30541110554054,
            1773.4060911535119
        ]
    }
]