[
    {
        "scene_id": 12,
        "image_id": 3,
        "category_id": 1,
        "R": [
            [
                0.06436322451102616,
                0.6772345129313229,
                -0.7329466662149784
            ],
            [
                0.8066782534378243,
                -0.46768806195854135,
                -0.36130061457526863
            ],
            [
                -0.5874756469798089,
                -0.5679976562662541,
                -0.5764122587145144
            ]
        ],
        "t": [
            -189.05478099857805,
            -99.81331464789635,
            2039.834817565418
        ]
    },
    {
        "scene_id": 12,
        "image_id": 3,
        "category_id": 1,
        "R": [
            [
                0.06424688051629673,
                0.67753042533092,
                -0.7326833468731638
            ],
            [
                0.8067272725406751,
                -0.4674392641256276,
                -0.3615130759091254
            ],
            [
                -0.5874210679887447,
                -0.5678495429408735,
                -0.5766137795608725
            ]
        ],
        "t": [
            -35.071611320652664,
            -206.39524305425056,
            1940.6135580094146
        ]
    },
    {
        "scene_id": 12,
        "image_id": 3,
        "category_id": 1,
        "R": [
            [
                0.06421747073696257,
                0.6775604803223035,
                -0.7326581314965331
            ],
            [
                0.8067413901651413,
                -0.46739675805607245,
                -0.36153652915520385
            ],
            [
                -0.587404895179435,
                -0.56784867031297,
                -0.5766311143683637
            ]
        ],
        "t": [
            -145.15747889186923,
            -407.5054788173287,
            2019.3117235833822
        ]
    }
]