[
    {
        "scene_id": 11,
        "image_id": 1,
        "category_id": 0,
        "R": [
            [
                -0.2522687693440516,
                0.7178040443401486,
                0.6489359349219287
            ],
            [
                0.8450255816282745,
                -0.16333743402180348,
                0.5091686469152158
            ],
            [
                0.4714788370274258,
                0.6768148068815546,
                -0.5653578413145262
            ]
        ],
        "t": [
            175.08111017081183,
            -116.67786582962466,
            2025.1794634597354
        ]
    },
    {
        "scene_id": 11,
        "image_id": 1,
        "category_id": 0,
        "R": [
            [
                0.21519552245740975,
                0.6313335078944033,
                0.7450563164046486
            ],
            [
                0.9754606734878678,
                -0.10259058525478576,
                -0.19481198180855938
            ],
            [
                -0.04655557011796182,
                0.7686957942761478,
                -0.6379180355404803
            ]
        ],
        "t": [
            187.1957287937139,
            -19.437188486224585,
            2009.6823775078726
        ]
    },
    {
        "scene_id": 11,
        "image_id": 1,
        "category_id": 0,
        "R": [
            [
                -0.8040493348029785,
                0.5841378515767348,
                -0.11084973274049324
            ],
            [
                -0.05893043794708194,
                0.10722455467540375,
                0.9924868564966132
            ],
            [
                0.5916349465644059,
                0.8045408110134188,
                -0.05179033435183397
            ]
        ],
        "t": [
            -199.96825420162054,
            4.465837218263516,
            2237.965190680269
        ]
    },
    {
        "scene_id": 11,
        "image_id": 1,
        "category_id": 0,
        "R": [
            [
                -0.6943613565833303,
                0.6994306045969092,
                0.1692901696123936
            ],
            [
                0.2741665543475625,
                0.03961146422161253,
                0.9608661167612829
            ],
            [
                0.6653533291429216,
                0.7136019949883696,
                -0.2192651487622257
            ]
        ],
        "t": [
            142.98507058678592,
            -62.011973664321545,
            2044.479256087673
        ]
    },
    {
        "scene_id": 11,
        "image_id": 1,
        "category_id": 0,
        "R": [
            [
                -0.6738929623955281,
                0.6633854429578551,
                0.32525075710261514
            ],
            [
                0.49814206087775864,
                0.0828497096531158,
                0.8631283072378965
            ],
            [
                0.5456398160846087,
                0.7436771660538884,
                -0.38629202568508103
            ]
        ],
        "t": [
            86.41602148350921,
            -100.75265544177431,
            2066.798441987402
        ]
    },
    {
        "scene_id": 11,
        "image_id": 1,
        "category_id": 0,
        "R": [
            [
                0.4290289902029627,
                0.657494112642816,
                0.6193832764096047
            ],
            [
                0.8716849931187888,
                -0.12156065669817945,
                -0.47475082040488087
            ],
            [
                -0.23685323091695604,
                0.7435889643308333,
                -0.6252807884816788
            ]
        ],
        "t": [
            178.95051256562465,
            29.332961123489753,
            2011.1013214395196
        ]
    },
    {
        "scene_id": 11,
        "image_id": 1,
        "category_id": 0,
        "R": [
            [
                0.7942720280251188,
                0.5421794986057024,
                -0.27417761119203155
            ],
            [
                -0.33365717336380335,
                0.01211809467532899,
                -0.9426166264207415
            ],
            [
                -0.5077448928759571,
                0.8401753370393718,
                0.19052714269581855
            ]
        ],
        "t": [
            81.95072864164331,
            -201.15125247573195,
            2073.2097562581985
        ]
    },
    {
        "scene_id": 11,
        "image_id": 1,
        "category_id": 0,
        "R": [
            [
                0.2706868801082742,
                0.6067639985414531,
                0.7473727909829673
            ],
            [
                0.9383033148197495,
                0.007264988483518828,
                -0.34573714191724714
            ],
            [
                -0.21521050520994536,
                0.7948488667807545,
                -0.5673621266345699
            ]
        ],
        "t": [
            212.90380561085976,
            -18.562973623999596,
            2275.800178178105
        ]
    },
    {
        "scene_id": 11,
        "image_id": 1,
        "category_id": 0,
        "R": [
            [
                0.2359102926223202,
                0.6453468939960636,
                0.7265492040701159
            ],
            [
                0.9674059334923643,
                -0.08514568172338961,
                -0.23848696964012334
            ],
            [
                -0.09204429910533675,
                0.7591295337380468,
                -0.6443991490710818
            ]
        ],
        "t": [
            85.36691013150016,
            53.95963373094554,
            2091.232827764653
        ]
    },
    {
        "scene_id": 11,
        "image_id": 1,
        "category_id": 0,
        "R": [
            [
                -0.36833123468458406,
                0.7680640029738743,
                0.5238414021265532
            ],
            [
                0.7088011259599869,
                -0.13261842212043243,
                0.69282997908047
            ],
            [
                0.6016087787128267,
                0.626490290865228,
                -0.49555711894990995
            ]
        ],
        "t": [
            205.53695077740645,
            -13.170070998764288,
            2154.1758269206493
        ]
    },
    {
        "scene_id": 11,
        "image_id": 1,
        "category_id": 0,
        "R": [
            [
                -0.4160527077132513,
                0.7763688067208344,
                0.4734465609187309
            ],
            [
                0.6720762530733411,
                -0.0881855539065657,
                0.7352121327192533
            ],
            [
                0.6125469047463623,
                0.6240791827667219,
                -0.48508919637273185
            ]
        ],
        "t": [
            -103.73626724336509,
            105.14407410085863,
            2337.0204954472715
        ]
    },
    {
        "scene_id": 11,
        "image_id": 1,
        "category_id": 0,
        "R": [
            [
                0.39677457778131947,
                0.6471912444342884,
                0.6509327563154944
            ],
            [
                0.8813688995002175,
                -0.07050334171561502,
                -0.4671383133090335
            ],
            [
                -0.2564348909338154,
                0.759060486028465,
                -0.5983881604582963
            ]
        ],
        "t": [
            220.56484241707494,
            34.79124490189122,
            2533.406748261269
        ]
    },
    {
        "scene_id": 11,
        "image_id": 1,
        "category_id": 0,
        "R": [
            [
                0.6043966328900201,
                0.5802577165975771,
                0.5458989999721623
            ],
            [
                0.6869541217677476,
                -0.032546878779849096,
                -0.7259716228810157
            ],
            [
                -0.40348332460999053,
                0.8137823637325919,
                -0.4182816474029627
            ]
        ],
        "t": [
            197.03147485854106,
            -144.01146681502766,
            2381.843381447766
        ]
    },
    {
        "scene_id": 11,
        "image_id": 1,
        "category_id": 0,
        "R": [
            [
                0.653387247070609,
                0.6595281723645584,
                0.3716284716129679
            ],
            [
                0.524551619343502,
                -0.040478312730683225,
                -0.8504158787340986
            ],
            [
                -0.5458303317315624,
                0.750589198392126,
                -0.37240457775589925
            ]
        ],
        "t": [
            105.268753940245,
            55.967859579392496,
            2227.248786903625
        ]
    },
    {
        "scene_id": 11,
        "image_id": 1,
        "category_id": 0,
        "R": [
            [
                -0.258539187856012,
                0.6846968055997231,
                0.6814306996567753
            ],
            [
                0.8783634380453642,
                -0.12695913392100847,
                0.4608243819283622
            ],
            [
                0.4020388269614365,
                0.7176849661195794,
                -0.5685887233634528
            ]
        ],
        "t": [
            89.2072450088856,
            -460.2630533603176,
            2088.8761827037006
        ]
    },
    {
        "scene_id": 11,
        "image_id": 1,
        "category_id": 0,
        "R": [
            [
                -0.3688613030474847,
                0.718693765572827,
                0.5894239867288198
            ],
            [
                0.7879336880823277,
                -0.09461030583470073,
                0.6084483997639798
            ],
            [
                0.49305364765961013,
                0.6888600780667156,
                -0.5313849439814257
            ]
        ],
        "t": [
            88.0789663106525,
            -196.2209442451468,
            2023.1379423567564
        ]
    },
    {
        "scene_id": 11,
        "image_id": 1,
        "category_id": 0,
        "R": [
            [
                -0.14067304238168618,
                0.6825023011651857,
                0.7172180489514614
            ],
            [
                0.9547224191425379,
                -0.0982925204426519,
                0.2807912832909054
            ],
            [
                0.2621378614030538,
                0.7242439072291595,
                -0.6377731334692184
            ]
        ],
        "t": [
            75.07588526124164,
            -218.59350518724577,
            2166.5632229515536
        ]
    }
]