[
    {
        "scene_id": 7,
        "image_id": 2,
        "category_id": 0,
        "R": [
            [
                0.37560123820125996,
                -0.05942140363226966,
                0.9248745156499314
            ],
            [
                0.9193316050397448,
                -0.10238970787098932,
                -0.37992854785864283
            ],
            [
                0.11727350352488214,
                0.9929679530789287,
                0.01617027376810583
            ]
        ],
        "t": [
            204.54660736130438,
            -355.7905681603274,
            1898.4824673591709
        ]
    },
    {
        "scene_id": 7,
        "image_id": 2,
        "category_id": 0,
        "R": [
            [
                -0.30618753718656655,
                -0.012547690770929822,
                0.9518885494502947
            ],
            [
                0.9219603050388578,
                -0.252997668039647,
                0.2932257316130249
            ],
            [
                0.2371462569177421,
                0.9673854718038044,
                0.08903319604130136
            ]
        ],
        "t": [
            15.020323523326653,
            -169.48108934875913,
            1860.7100820399282
        ]
    },
    {
        "scene_id": 7,
        "image_id": 2,
        "category_id": 0,
        "R": [
            [
                -0.5246620130089668,
                -0.033318058815892455,
                0.8506584168212077
            ],
            [
                0.8471492571222841,
                -0.11911237002810286,
                0.5178323408636112
            ],
            [
                0.08407076068957925,
                0.9923215515027879,
                0.09071909305470942
            ]
        ],
        "t": [
            390.74298278684313,
            -320.8442066222464,
            1933.2412177073315
        ]
    }
]