[
    {
        "scene_id": 8,
        "image_id": 4,
        "category_id": 14,
        "R": [
            [
                0.9977206829349953,
                -0.0649678834124057,
                -0.018237679913791386
            ],
            [
                0.03575603501934347,
                0.27979050035637393,
                0.9593950082578211
            ],
            [
                -0.05722713345451905,
                -0.9578603499650881,
                0.28147576300871224
            ]
        ],
        "t": [
            239.18390322847642,
            205.71490641388402,
            1833.258931117625
        ]
    },
    {
        "scene_id": 8,
        "image_id": 4,
        "category_id": 14,
        "R": [
            [
                0.9413643614671785,
                0.026199033017844334,
                -0.33637293236588145
            ],
            [
                -0.2873462326363434,
                -0.4602408404801621,
                -0.8400062567289699
            ],
            [
                -0.17681991276208797,
                0.8874074483702766,
                -0.42572613148333144
            ]
        ],
        "t": [
            6.9587741339331615,
            389.6093383341307,
            1842.6071945221079
        ]
    },
    {
        "scene_id": 8,
        "image_id": 4,
        "category_id": 14,
        "R": [
            [
                0.9378493866100769,
                -0.013811311562280569,
                -0.34676761052329125
            ],
            [
                -0.2933704386975157,
                -0.5653500707629023,
                -0.7709170404050028
            ],
            [
                -0.18539771771392063,
                0.8247354394963947,
                -0.5342650476169656
            ]
        ],
        "t": [
            -77.81049780253494,
            111.5236251176047,
            1749.2730852382724
        ]
    },
    {
        "scene_id": 8,
        "image_id": 4,
        "category_id": 14,
        "R": [
            [
                0.9935496947747446,
                -0.06276812728916165,
                -0.09444133739853093
            ],
            [
                -0.007058819430688523,
                -0.8654525775019849,
                0.5009411234500672
            ],
            [
                -0.11317763507538259,
                -0.49704325595644316,
                -0.86031321309565
            ]
        ],
        "t": [
            300.4817764742212,
            -44.55456763527661,
            1723.3330447488884
        ]
    },
    {
        "scene_id": 8,
        "image_id": 4,
        "category_id": 14,
        "R": [
            [
                0.9426851820791871,
                0.0035698400733731595,
                -0.3336643578960467
            ],
            [
                -0.28144290218304036,
                -0.5286820515992315,
                -0.800802835364371
            ],
            [
                -0.1792610953305768,
                0.848812431906295,
                -0.49737602992323976
            ]
        ],
        "t": [
            102.37195409433735,
            -108.21424263090023,
            1729.878250704435
        ]
    },
    {
        "scene_id": 8,
        "image_id": 4,
        "category_id": 14,
        "R": [
            [
                0.9595577558631706,
                -0.08577514973567174,
                -0.268125971980819
            ],
            [
                -0.21864973757238637,
                -0.8270074141183253,
                -0.5179295601265169
            ],
            [
                -0.1773166811734371,
                0.5556089998201466,
                -0.812316092353521
            ]
        ],
        "t": [
            222.47593915274763,
            353.3012266830131,
            1858.9193787389013
        ]
    }
]