[
    {
        "scene_id": 14,
        "image_id": 2,
        "category_id": 0,
        "R": [
            [
                -0.022117706878836987,
                0.23167686037324647,
                0.9725413374133038
            ],
            [
                0.8618146304041601,
                -0.48864952931371036,
                0.13600465564553363
            ],
            [
                0.5067409790649385,
                0.8411583890234552,
                -0.18885468307660702
            ]
        ],
        "t": [
            393.23960856247766,
            -75.12344565387559,
            1912.6480062679523
        ]
    },
    {
        "scene_id": 14,
        "image_id": 2,
        "category_id": 0,
        "R": [
            [
                -0.7325288479664632,
                0.29787342840429454,
                0.6121053186464219
            ],
            [
                0.548476162394037,
                -0.27433409113703244,
                0.7898827708970221
            ],
            [
                0.40320642670001666,
                0.9143370162551991,
                0.03758117589346688
            ]
        ],
        "t": [
            298.6696209826574,
            -96.30842004189878,
            1887.4522505777018
        ]
    },
    {
        "scene_id": 14,
        "image_id": 2,
        "category_id": 0,
        "R": [
            [
                -0.3559212641924888,
                0.36426871855282156,
                0.8605976806540591
            ],
            [
                0.81306311408818,
                -0.33328751244158855,
                0.47733415192520917
            ],
            [
                0.46070434309611014,
                0.8696135310150588,
                -0.17754932141829
            ]
        ],
        "t": [
            -106.54166349590966,
            -112.63343634113915,
            1822.8981624266285
        ]
    },
    {
        "scene_id": 14,
        "image_id": 2,
        "category_id": 0,
        "R": [
            [
                0.7345084329687042,
                0.07105082885178446,
                0.6748697320112773
            ],
            [
                0.6655182557216136,
                -0.2697510820490959,
                -0.6959309528028139
            ],
            [
                0.1326003744201444,
                0.9603052009471033,
                -0.24542006508387512
            ]
        ],
        "t": [
            193.34644380490488,
            274.4542056992811,
            1955.4624730564794
        ]
    },
    {
        "scene_id": 14,
        "image_id": 2,
        "category_id": 0,
        "R": [
            [
                0.05327300016082542,
                0.19147679451629473,
                0.9800503243115986
            ],
            [
                0.9431108018901446,
                -0.33219889123606794,
                0.013638110356092087
            ],
            [
                0.32818300893518654,
                0.9235694260799616,
                -0.19828104918213937
            ]
        ],
        "t": [
            159.80106683174273,
            374.0389022891261,
            1951.8020900492909
        ]
    },
    {
        "scene_id": 14,
        "image_id": 2,
        "category_id": 0,
        "R": [
            [
                0.43466752850711654,
                0.05472991019428953,
                0.8989264653792769
            ],
            [
                0.8010081329390082,
                -0.47973081402241996,
                -0.35811227719442956
            ],
            [
                0.41164325886734204,
                0.875707110330891,
                -0.2523624991023579
            ]
        ],
        "t": [
            483.79962214026943,
            -49.83382251625562,
            1927.7334892556278
        ]
    },
    {
        "scene_id": 14,
        "image_id": 2,
        "category_id": 0,
        "R": [
            [
                0.0021955824410242685,
                0.22215166773128814,
                0.9750096561109497
            ],
            [
                0.9267535997353608,
                -0.3667292873946474,
                0.08147073817631938
            ],
            [
                0.3756634489257129,
                0.9034147555033603,
                -0.20668502434437416
            ]
        ],
        "t": [
            -219.19675212136298,
            267.51487343596364,
            1875.0113779282283
        ]
    },
    {
        "scene_id": 14,
        "image_id": 2,
        "category_id": 0,
        "R": [
            [
                0.7593252193586937,
                0.20336962384850463,
                0.6181148929683132
            ],
            [
                0.6489018996478249,
                -0.3074453364644068,
                -0.6959912181587935
            ],
            [
                0.04849308005432575,
                0.9295795346295773,
                -0.3654179204594313
            ]
        ],
        "t": [
            429.5441727424494,
            -19.816700934297614,
            1935.2768846450585
        ]
    },
    {
        "scene_id": 14,
        "image_id": 2,
        "category_id": 0,
        "R": [
            [
                -0.6245283047672033,
                0.28770273065775387,
                0.7260795747604497
            ],
            [
                0.7169300890546416,
                -0.15758647066267023,
                0.6791007566676807
            ],
            [
                0.3097994520798852,
                0.9446658627442304,
                -0.1078455092476932
            ]
        ],
        "t": [
            219.25481887035335,
            343.9316891173752,
            1951.1807555057792
        ]
    },
    {
        "scene_id": 14,
        "image_id": 2,
        "category_id": 0,
        "R": [
            [
                0.9575261869375435,
                0.2094803545432753,
                -0.19814539095551081
            ],
            [
                -0.1694246634231138,
                -0.14730991418016715,
                -0.9744717331162694
            ],
            [
                -0.23332145051337416,
                0.9666528418215845,
                -0.10556197580938881
            ]
        ],
        "t": [
            -130.14001004850851,
            293.1803985414397,
            1872.5339067629457
        ]
    },
    {
        "scene_id": 14,
        "image_id": 2,
        "category_id": 0,
        "R": [
            [
                0.6073369867742447,
                0.10336269687225962,
                0.7876915328724274
            ],
            [
                0.7617560627384898,
                -0.35725430446278356,
                -0.5404601269829221
            ],
            [
                0.22554277446192847,
                0.9282701466693267,
                -0.2957109032462523
            ]
        ],
        "t": [
            399.44911117099355,
            232.99106871964585,
            1972.7776140764106
        ]
    },
    {
        "scene_id": 14,
        "image_id": 2,
        "category_id": 0,
        "R": [
            [
                0.9460153892240362,
                0.2469927213232102,
                0.20987970967268463
            ],
            [
                0.2717774526532308,
                -0.2516387031375163,
                -0.9288783910432081
            ],
            [
                -0.17661232383797232,
                0.9357737482769622,
                -0.30518113590526436
            ]
        ],
        "t": [
            -171.5103568463144,
            91.79146725182869,
            1809.4327557187794
        ]
    }
]