[
    {
        "scene_id": 14,
        "image_id": 4,
        "category_id": 1,
        "R": [
            [
                0.06423550839462867,
                0.6775359372547716,
                -0.7326792469287066
            ],
            [
                0.806736190016533,
                -0.4674224996934593,
                -0.36151485233449226
            ],
            [
                -0.5874100647869086,
                -0.5678567661144158,
                -0.5766178754424716
            ]
        ],
        "t": [
            -42.50527612791802,
            -113.62673343760007,
            2138.740049023455
        ]
    },
    {
        "scene_id": 14,
        "image_id": 4,
        "category_id": 1,
        "R": [
            [
                0.06432313091517454,
                0.6773313397395047,
                -0.7328607075880048
            ],
            [
                0.8066956197382634,
                -0.4676044233582136,
                -0.36137009050478125
            ],
            [
                -0.5874561915223268,
                -0.5679510593226127,
                -0.5764779983408532
            ]
        ],
        "t": [
            217.76764272720652,
            -459.17644716943033,
            2070.980859813654
        ]
    },
    {
        "scene_id": 14,
        "image_id": 4,
        "category_id": 1,
        "R": [
            [
                0.06431324569637965,
                0.6773594889019011,
                -0.7328355578934379
            ],
            [
                0.8067003144583836,
                -0.46758129104332596,
                -0.3613895417406316
            ],
            [
                -0.5874508269756268,
                -0.5679365328825162,
                -0.5764977760735162
            ]
        ],
        "t": [
            312.6152368174244,
            -449.2346499860303,
            2052.8808305904577
        ]
    },
    {
        "scene_id": 14,
        "image_id": 4,
        "category_id": 1,
        "R": [
            [
                0.0643049134157104,
                0.6773835159254323,
                -0.7328140802096607
            ],
            [
                0.8067035241937721,
                -0.46756236625069936,
                -0.3614068616945402
            ],
            [
                -0.5874473314243635,
                -0.5679234564086865,
                -0.5765142199268597
            ]
        ],
        "t": [
            361.15418342841576,
            77.09513256492744,
            2017.0850039229324
        ]
    },
    {
        "scene_id": 14,
        "image_id": 4,
        "category_id": 1,
        "R": [
            [
                0.06401760732941605,
                0.6779878854343114,
                -0.7322801368646847
            ],
            [
                0.8068339641311351,
                -0.4670008236860975,
                -0.3618414666141059
            ],
            [
                -0.5872995533044741,
                -0.5676642530337409,
                -0.5769199215061664
            ]
        ],
        "t": [
            43.68732163310483,
            -519.515842842758,
            2141.5857068662913
        ]
    },
    {
        "scene_id": 14,
        "image_id": 4,
        "category_id": 1,
        "R": [
            [
                0.06440415210627484,
                0.6771194150302964,
                -0.7330494039769315
            ],
            [
                0.8066676782846496,
                -0.46777451600182296,
                -0.3612122934655123
            ],
            [
                -0.5874856824087834,
                -0.5680636815548563,
                -0.5763369604473583
            ]
        ],
        "t": [
            135.2162759217731,
            -489.82213535373853,
            2109.866980843075
        ]
    }
]