[
    {
        "scene_id": 11,
        "image_id": 1,
        "category_id": 0,
        "R": [
            [
                -0.4919290204513284,
                0.13290323048724303,
                0.8604316383981121
            ],
            [
                0.8480684910709879,
                -0.15040571896503965,
                0.5080925517567254
            ],
            [
                0.19694095474605122,
                0.9796503644164087,
                -0.038722097654858734
            ]
        ],
        "t": [
            295.7498359056245,
            -91.72478000824061,
            1893.4745001672084
        ]
    },
    {
        "scene_id": 11,
        "image_id": 1,
        "category_id": 0,
        "R": [
            [
                0.19733637925763658,
                0.00794265115318124,
                0.9803036784113146
            ],
            [
                0.9765535286334495,
                -0.0893482671823421,
                -0.19585754991969406
            ],
            [
                0.08603279413522445,
                0.9959687650665461,
                -0.025388074944486135
            ]
        ],
        "t": [
            314.9807162817405,
            5.434657530898278,
            1887.7395064133818
        ]
    },
    {
        "scene_id": 11,
        "image_id": 1,
        "category_id": 0,
        "R": [
            [
                -0.9972848501223076,
                -0.051147571209792624,
                -0.05298007048386061
            ],
            [
                -0.058823098558927256,
                0.1204662966486555,
                0.9909731587904684
            ],
            [
                -0.0443035628974721,
                0.9913988970784681,
                -0.12314787123807201
            ]
        ],
        "t": [
            -129.6234288865726,
            28.773706499972235,
            1821.6880862412302
        ]
    },
    {
        "scene_id": 11,
        "image_id": 1,
        "category_id": 0,
        "R": [
            [
                -0.9580554279324749,
                0.09563578103974256,
                0.2701548233636572
            ],
            [
                0.27589750710156763,
                0.05277867266039393,
                0.9597369766153752
            ],
            [
                0.07752676552617294,
                0.9940161909123839,
                -0.07695056747916915
            ]
        ],
        "t": [
            258.69338024775595,
            -37.106271708458536,
            1887.5893285004815
        ]
    },
    {
        "scene_id": 11,
        "image_id": 1,
        "category_id": 0,
        "R": [
            [
                -0.8667439779941705,
                0.048727782872057895,
                0.49636731759839264
            ],
            [
                0.49872075533119786,
                0.09605600560815516,
                0.8614237859404393
            ],
            [
                -0.005703802516361822,
                0.994182490485178,
                -0.10755751602665878
            ]
        ],
        "t": [
            200.63704237555913,
            -76.04473924218695,
            1869.9172822089267
        ]
    },
    {
        "scene_id": 11,
        "image_id": 1,
        "category_id": 0,
        "R": [
            [
                0.48318589915703586,
                0.044056638846285995,
                0.8744086193662457
            ],
            [
                0.872404148164411,
                -0.10838320861104712,
                -0.476617424515908
            ],
            [
                0.07377304184015952,
                0.9931324552762822,
                -0.09080441387309057
            ]
        ],
        "t": [
            307.7097043079468,
            54.15134528312839,
            1883.012851442966
        ]
    },
    {
        "scene_id": 11,
        "image_id": 1,
        "category_id": 0,
        "R": [
            [
                0.936683578111812,
                -0.10624632134874898,
                -0.333669938544246
            ],
            [
                -0.332900442474847,
                0.025425005839356696,
                -0.9426191974883572
            ],
            [
                0.10863338600101774,
                0.9940147200184778,
                -0.011554256221116218
            ]
        ],
        "t": [
            193.06387343682198,
            -176.4001098788467,
            1873.4342448825003
        ]
    },
    {
        "scene_id": 11,
        "image_id": 1,
        "category_id": 0,
        "R": [
            [
                0.3464634835031415,
                -0.027527184065158295,
                0.9376595026601713
            ],
            [
                0.9380125163844862,
                0.020587836346200112,
                -0.34598951876624806
            ],
            [
                -0.009780267249571803,
                0.9994090110496402,
                0.032953785967449946
            ]
        ],
        "t": [
            167.7409275907608,
            9.382595558085086,
            2110.8654933309053
        ]
    },
    {
        "scene_id": 11,
        "image_id": 1,
        "category_id": 0,
        "R": [
            [
                0.24203064448267592,
                0.02486718512957755,
                0.9699499082053881
            ],
            [
                0.9681703507500685,
                -0.07189864927933262,
                -0.23974328594513558
            ],
            [
                0.0637763370359368,
                0.9971018938027891,
                -0.04147733373122828
            ]
        ],
        "t": [
            184.57449416453017,
            78.90938895634213,
            1886.203641812323
        ]
    },
    {
        "scene_id": 11,
        "image_id": 1,
        "category_id": 0,
        "R": [
            [
                -0.66408370577971,
                0.2036458486939648,
                0.7193894871487987
            ],
            [
                0.7123537401747098,
                -0.11983985318578491,
                0.6915133009877585
            ],
            [
                0.22703531500447344,
                0.9716824401877044,
                -0.06548418263954953
            ]
        ],
        "t": [
            238.44732687608752,
            13.404450125365003,
            2011.5666242470688
        ]
    },
    {
        "scene_id": 11,
        "image_id": 1,
        "category_id": 0,
        "R": [
            [
                -0.7081041767047438,
                0.21165234961078336,
                0.6736406995054116
            ],
            [
                0.675377196148981,
                -0.07537204560498048,
                0.7336107855387186
            ],
            [
                0.20604409681952807,
                0.974434360517368,
                -0.08957390363947801
            ]
        ],
        "t": [
            -116.94717038903278,
            131.26454216954386,
            1957.862959250107
        ]
    },
    {
        "scene_id": 11,
        "image_id": 1,
        "category_id": 0,
        "R": [
            [
                0.47040904292871477,
                0.026355537038197336,
                0.8820548464755055
            ],
            [
                0.8816236859622851,
                -0.05724393872163579,
                -0.4684686700574345
            ],
            [
                0.03814554434316053,
                0.998012272476263,
                -0.050163716347681825
            ]
        ],
        "t": [
            11.848743955661035,
            65.57292964365877,
            2315.332550435832
        ]
    },
    {
        "scene_id": 11,
        "image_id": 1,
        "category_id": 0,
        "R": [
            [
                0.7241837929412283,
                -0.06007191280404186,
                0.6869856137692616
            ],
            [
                0.6872616000584981,
                -0.01922328618227135,
                -0.7261556619271533
            ],
            [
                0.05682767746990501,
                0.9980089213125687,
                0.027363937183481023
            ]
        ],
        "t": [
            88.66485690501665,
            -115.03404126425356,
            2185.0402295920308
        ]
    },
    {
        "scene_id": 11,
        "image_id": 1,
        "category_id": 0,
        "R": [
            [
                0.851633205614992,
                0.041296757072343405,
                0.522508846950795
            ],
            [
                0.5237197593482864,
                -0.027216595937927645,
                -0.8514557872075322
            ],
            [
                -0.02094144565468089,
                0.9987761576924431,
                -0.044806469212531265
            ]
        ],
        "t": [
            114.57960546206901,
            82.5413486477849,
            2004.4744344461105
        ]
    },
    {
        "scene_id": 11,
        "image_id": 1,
        "category_id": 0,
        "R": [
            [
                -0.45314453371699065,
                0.08149175178951838,
                0.8877044328746448
            ],
            [
                0.880604739874588,
                -0.11384822141823808,
                0.4599716965051073
            ],
            [
                0.13854744848156794,
                0.9901503214740883,
                -0.020172317870985237
            ]
        ],
        "t": [
            188.68066043183455,
            -435.2630526997076,
            1893.6279389874587
        ]
    },
    {
        "scene_id": 11,
        "image_id": 1,
        "category_id": 0,
        "R": [
            [
                -0.596220464045375,
                0.12607403398449563,
                0.7928597167223232
            ],
            [
                0.790303232781099,
                -0.08154770620299796,
                0.6072650647487039
            ],
            [
                0.14121622522530775,
                0.9886633865595091,
                -0.051016299494173474
            ]
        ],
        "t": [
            229.30114640957942,
            -171.96288455750587,
            1838.274314675693
        ]
    },
    {
        "scene_id": 11,
        "image_id": 1,
        "category_id": 0,
        "R": [
            [
                -0.27348853463910716,
                0.07568304773794515,
                0.9588931806508266
            ],
            [
                0.9563679490171219,
                -0.08513050062674501,
                0.27948744328019065
            ],
            [
                0.10278349996624506,
                0.9934912456210662,
                -0.049098615186916515
            ]
        ],
        "t": [
            129.03732966536666,
            -192.88676062572043,
            1941.955459328411
        ]
    }
]