[
    {
        "scene_id": 11,
        "image_id": 0,
        "category_id": 1,
        "R": [
            [
                0.3182641079529723,
                0.8716161933508433,
                -0.37281789474906485
            ],
            [
                0.8986160789703672,
                -0.40265207082480087,
                -0.1742427574129045
            ],
            [
                -0.3019886628653834,
                -0.2795649265644717,
                -0.9113979624422978
            ]
        ],
        "t": [
            54.736101117323074,
            355.6770644173601,
            1776.1161224052894
        ]
    },
    {
        "scene_id": 11,
        "image_id": 0,
        "category_id": 1,
        "R": [
            [
                0.3172293817612217,
                0.8729615462309376,
                -0.3705451007868323
            ],
            [
                0.8989981004336794,
                -0.4012175486693731,
                -0.1755761375893788
            ],
            [
                -0.30194037012458647,
                -0.2774214198546222,
                -0.9120687009776541
            ]
        ],
        "t": [
            339.5772664138923,
            -64.33282712867901,
            1755.4747006089174
        ]
    },
    {
        "scene_id": 11,
        "image_id": 0,
        "category_id": 1,
        "R": [
            [
                0.3180525034320991,
                0.8719051685004965,
                -0.3723224352229338
            ],
            [
                0.8986940433277502,
                -0.40235308194449315,
                -0.17453108597444
            ],
            [
                -0.3019795917820509,
                -0.27909389351084407,
                -0.9115453205191147
            ]
        ],
        "t": [
            202.42990505269358,
            369.29651834747483,
            1797.9829022794493
        ]
    },
    {
        "scene_id": 11,
        "image_id": 0,
        "category_id": 1,
        "R": [
            [
                0.31785524141924876,
                0.872161432716573,
                -0.3718904332619028
            ],
            [
                0.8987665666411336,
                -0.4020803060805711,
                -0.17478607548855932
            ],
            [
                -0.30197144981831275,
                -0.2786860052729569,
                -0.9116728034595636
            ]
        ],
        "t": [
            66.40920461518243,
            11.722810560857738,
            1713.410455067906
        ]
    },
    {
        "scene_id": 11,
        "image_id": 0,
        "category_id": 1,
        "R": [
            [
                0.3182733378670017,
                0.8715985758691357,
                -0.37285120157179635
            ],
            [
                0.8986114773988796,
                -0.4026685573414039,
                -0.1742283893343028
            ],
            [
                -0.30199262802841453,
                -0.27959610563811316,
                -0.9113870840299886
            ]
        ],
        "t": [
            467.1989844917698,
            -133.73814898902856,
            1803.2129605792652
        ]
    }
]