[
    {
        "scene_id": 10,
        "image_id": 0,
        "category_id": 0,
        "R": [
            [
                0.6178804613797675,
                0.5514524623038323,
                0.5604676109772977
            ],
            [
                0.6792227782632474,
                -0.01527299939183728,
                -0.7337732721613904
            ],
            [
                -0.39608105326410165,
                0.8340665267166822,
                -0.38399595514880186
            ]
        ],
        "t": [
            5.342687352235089,
            44.27410269743487,
            2169.820711444232
        ]
    },
    {
        "scene_id": 10,
        "image_id": 0,
        "category_id": 0,
        "R": [
            [
                0.8243070308545425,
                0.4485711952067601,
                -0.34540096613209026
            ],
            [
                -0.4472729489339763,
                0.14196359793307148,
                -0.8830590625628076
            ],
            [
                -0.34708048999039487,
                0.882400292565361,
                0.31765535169939196
            ]
        ],
        "t": [
            7.91537654480112,
            -53.49138334740485,
            2166.745346651186
        ]
    },
    {
        "scene_id": 10,
        "image_id": 0,
        "category_id": 0,
        "R": [
            [
                0.3693067940014777,
                0.5606799037458885,
                0.7411144062358292
            ],
            [
                0.9292402904168597,
                -0.21320242649229026,
                -0.3017569716912808
            ],
            [
                -0.011181682163826898,
                0.8001142576466266,
                -0.5997434534942807
            ]
        ],
        "t": [
            193.4244002371663,
            50.62197727226982,
            2100.615968665421
        ]
    },
    {
        "scene_id": 10,
        "image_id": 0,
        "category_id": 0,
        "R": [
            [
                -0.37796190521922157,
                0.6611238523895372,
                0.6481204175885126
            ],
            [
                0.8523659014528497,
                -0.02478969920964793,
                0.5223580216805985
            ],
            [
                0.3614100515577715,
                0.7498671689809038,
                -0.5541498613482143
            ]
        ],
        "t": [
            -133.2733204449778,
            89.22287889290584,
            2224.0214973386755
        ]
    },
    {
        "scene_id": 10,
        "image_id": 0,
        "category_id": 0,
        "R": [
            [
                0.5548543314850108,
                0.6058552599405996,
                0.5701544532186561
            ],
            [
                0.7503789795370333,
                -0.0685045091739218,
                -0.6574485388623992
            ],
            [
                -0.3592605020866325,
                0.792620077824536,
                -0.49263106802612344
            ]
        ],
        "t": [
            -134.17846944365078,
            -10.129269433910196,
            2224.586694286223
        ]
    },
    {
        "scene_id": 10,
        "image_id": 0,
        "category_id": 0,
        "R": [
            [
                0.8160750382601789,
                0.5525392271463649,
                0.16947554420499486
            ],
            [
                0.19408977377699904,
                0.0141954346485618,
                -0.9808810892818934
            ],
            [
                -0.5443810521266667,
                0.8333660333463531,
                -0.09565767018226981
            ]
        ],
        "t": [
            -174.39622002402803,
            -360.8997741505128,
            2229.028664090719
        ]
    },
    {
        "scene_id": 10,
        "image_id": 0,
        "category_id": 0,
        "R": [
            [
                0.8712972290580445,
                0.4901738368559675,
                0.02389087667097747
            ],
            [
                -0.014331979795762909,
                0.074076150088681,
                -0.9971496278411162
            ],
            [
                -0.49054639735321176,
                0.868471294418015,
                0.07156750750413819
            ]
        ],
        "t": [
            199.52083886736773,
            -249.14249597406396,
            2092.6247923436586
        ]
    },
    {
        "scene_id": 10,
        "image_id": 0,
        "category_id": 0,
        "R": [
            [
                0.757326687713934,
                0.5788443131909307,
                0.3023170105256985
            ],
            [
                0.39998225983319646,
                -0.045218029846658604,
                -0.9154067858367767
            ],
            [
                -0.5162078275950917,
                0.8141834213008107,
                -0.26577227192303937
            ]
        ],
        "t": [
            55.17426248763127,
            96.13772598854734,
            2160.2982399056045
        ]
    },
    {
        "scene_id": 10,
        "image_id": 0,
        "category_id": 0,
        "R": [
            [
                -0.4451012649538223,
                0.7420357359784269,
                0.5012662527618388
            ],
            [
                0.7012047742937545,
                -0.05934413657331063,
                0.7104858900235215
            ],
            [
                0.5569531251692171,
                0.6677284509524964,
                -0.49390484657218453
            ]
        ],
        "t": [
            200.60023730444027,
            -350.74258068948495,
            2087.3187310535504
        ]
    },
    {
        "scene_id": 10,
        "image_id": 0,
        "category_id": 0,
        "R": [
            [
                -0.01879053732110436,
                0.6844555966465643,
                0.7288123747692639
            ],
            [
                0.9959042517911617,
                -0.05166606768258395,
                0.07419838728036604
            ],
            [
                0.08844036747039902,
                0.7272215625953217,
                -0.6806813980217107
            ]
        ],
        "t": [
            53.7982827275539,
            -4.869652999020701,
            2152.5776984079557
        ]
    },
    {
        "scene_id": 10,
        "image_id": 0,
        "category_id": 0,
        "R": [
            [
                0.07484853345373066,
                0.5881937560897768,
                0.8052489230214844
            ],
            [
                0.9949852127571357,
                -0.09777988460602459,
                -0.021061398851277616
            ],
            [
                0.0663489603057435,
                0.8027871772875935,
                -0.5925627635648703
            ]
        ],
        "t": [
            103.64344993671557,
            -52.384713981044655,
            2133.223158791694
        ]
    },
    {
        "scene_id": 10,
        "image_id": 0,
        "category_id": 0,
        "R": [
            [
                0.10602370925249748,
                0.6474144459581929,
                0.754727456722904
            ],
            [
                0.9909444777638806,
                -0.13168176593368913,
                -0.026249123230272717
            ],
            [
                0.0823897794007667,
                0.7506760270276929,
                -0.6555131516688918
            ]
        ],
        "t": [
            150.63457449937778,
            -101.26473462419352,
            2113.8069817500523
        ]
    },
    {
        "scene_id": 10,
        "image_id": 0,
        "category_id": 0,
        "R": [
            [
                0.7538621680060968,
                0.5228281015241428,
                0.3979228990599077
            ],
            [
                0.4831196940332556,
                -0.03063309137529099,
                -0.8750183066145006
            ],
            [
                -0.445294547479139,
                0.851887577652032,
                -0.27568167574609
            ]
        ],
        "t": [
            158.2493186339209,
            -399.1069626222042,
            2108.4827575627587
        ]
    },
    {
        "scene_id": 10,
        "image_id": 0,
        "category_id": 0,
        "R": [
            [
                0.2597683011445055,
                0.6038670895583144,
                0.7535681744602162
            ],
            [
                0.9525376001017515,
                -0.031969936275794364,
                -0.30273768435300585
            ],
            [
                -0.1587217983191499,
                0.7964436657603058,
                -0.5835108767823383
            ]
        ],
        "t": [
            -132.08975692204763,
            -112.22095832242435,
            2214.4030441710183
        ]
    },
    {
        "scene_id": 10,
        "image_id": 0,
        "category_id": 0,
        "R": [
            [
                0.5377140262375727,
                0.6330204060451665,
                0.5569100620461312
            ],
            [
                0.7639802065390459,
                -0.08640988157824134,
                -0.6394275864730059
            ],
            [
                -0.35664817563068735,
                0.7692974380728521,
                -0.5300788581980235
            ]
        ],
        "t": [
            222.74125499228853,
            -586.7847945074159,
            2216.062334416238
        ]
    },
    {
        "scene_id": 10,
        "image_id": 0,
        "category_id": 0,
        "R": [
            [
                0.8075483442387944,
                0.5751737178008761,
                -0.1305407666544572
            ],
            [
                -0.24361776946460753,
                0.12371858937154835,
                -0.9619481041124336
            ],
            [
                -0.5371369409930405,
                0.8086216399768213,
                0.2400312798293296
            ]
        ],
        "t": [
            3.6021195632920353,
            41.6500835875151,
            2049.7389915309122
        ]
    },
    {
        "scene_id": 10,
        "image_id": 0,
        "category_id": 0,
        "R": [
            [
                0.5205363305773727,
                0.512901311750497,
                0.6826230282111043
            ],
            [
                0.8271202338482015,
                -0.1044655146494993,
                -0.5522310539696356
            ],
            [
                -0.21192946551062355,
                0.852067636104878,
                -0.47860914164451396
            ]
        ],
        "t": [
            96.5035637972046,
            -142.46085745086606,
            2011.1106628452187
        ]
    },
    {
        "scene_id": 10,
        "image_id": 0,
        "category_id": 0,
        "R": [
            [
                0.7926321143611079,
                0.607109881825068,
                0.056142215526515826
            ],
            [
                0.04552471569629734,
                0.032892308800824825,
                -0.9984215834220658
            ],
            [
                -0.6079982496642793,
                0.7939368603513642,
                -0.0015670019982128192
            ]
        ],
        "t": [
            214.7444989264195,
            -268.33877562444354,
            2223.499300967487
        ]
    },
    {
        "scene_id": 10,
        "image_id": 0,
        "category_id": 0,
        "R": [
            [
                0.7100557601652439,
                0.5341551308858927,
                0.45880185188692
            ],
            [
                0.6224596711870753,
                -0.17154248649896953,
                -0.7636211069843026
            ],
            [
                -0.3291881194806951,
                0.8277992068236284,
                -0.45429475067362063
            ]
        ],
        "t": [
            84.09357012975647,
            109.02446733105455,
            2731.3361055791916
        ]
    },
    {
        "scene_id": 10,
        "image_id": 0,
        "category_id": 0,
        "R": [
            [
                0.7505321246743815,
                0.6423799822757758,
                0.15507905691474602
            ],
            [
                0.20221414224361478,
                0.00016675548808379187,
                -0.979341347452352
            ],
            [
                -0.6291351309181253,
                0.7663863124185902,
                -0.12977315784375293
            ]
        ],
        "t": [
            59.83875532874117,
            99.61335912050134,
            2253.2074520112665
        ]
    },
    {
        "scene_id": 10,
        "image_id": 0,
        "category_id": 0,
        "R": [
            [
                0.5375867160507165,
                0.6158410293502026,
                -0.5759690746777321
            ],
            [
                -0.8020355537119292,
                0.16261847108760344,
                -0.5747123327401557
            ],
            [
                -0.260268219190307,
                0.7709053825615807,
                0.5813479255418051
            ]
        ],
        "t": [
            -181.57486086876997,
            -387.98839164028584,
            2379.42735713431
        ]
    }
]