[
    {
        "scene_id": 14,
        "image_id": 2,
        "category_id": 14,
        "R": [
            [
                0.9935869084637038,
                0.11277079696139529,
                -0.008234238412276829
            ],
            [
                0.023209923477887553,
                -0.13213774278422516,
                0.990959593719159
            ],
            [
                0.11066324946290446,
                -0.9847955951793159,
                -0.13390773291236477
            ]
        ],
        "t": [
            20.95560855607522,
            -236.07285936697994,
            1799.1706284342329
        ]
    },
    {
        "scene_id": 14,
        "image_id": 2,
        "category_id": 14,
        "R": [
            [
                0.9377675899585757,
                0.31767369552772956,
                -0.14026892169343544
            ],
            [
                0.339777165890248,
                -0.7559480603490251,
                0.559548038683129
            ],
            [
                0.07171767399236079,
                -0.5723861923774028,
                -0.8168418586316596
            ]
        ],
        "t": [
            288.1761160416654,
            -186.21687845454753,
            1890.685983019239
        ]
    },
    {
        "scene_id": 14,
        "image_id": 2,
        "category_id": 14,
        "R": [
            [
                0.7861136801241688,
                -0.5274208381293892,
                -0.32226160402463094
            ],
            [
                0.6135955637115355,
                0.7286429070637237,
                0.3042696142884611
            ],
            [
                0.0743354970061995,
                -0.4369287968223406,
                0.8964192436534498
            ]
        ],
        "t": [
            251.59657010593793,
            -341.6565080362965,
            1907.9633886605714
        ]
    },
    {
        "scene_id": 14,
        "image_id": 2,
        "category_id": 14,
        "R": [
            [
                0.8919712263584919,
                -0.04930642895995537,
                -0.44939537982910455
            ],
            [
                0.4472524668771136,
                0.24129927408196933,
                0.8612432241822576
            ],
            [
                0.06597395107816852,
                -0.9691973670985343,
                0.2372844314075496
            ]
        ],
        "t": [
            120.7012148751098,
            -366.0540960853597,
            1840.7414221726676
        ]
    },
    {
        "scene_id": 14,
        "image_id": 2,
        "category_id": 14,
        "R": [
            [
                0.729201232364112,
                -0.652507264539551,
                -0.2061548748920858
            ],
            [
                0.6793419890685121,
                0.726483115898325,
                0.10352170884938755
            ],
            [
                0.08221936880745818,
                -0.21553782043477207,
                0.973027966378732
            ]
        ],
        "t": [
            209.93239024127263,
            -233.50151778290086,
            1862.130970094304
        ]
    },
    {
        "scene_id": 14,
        "image_id": 2,
        "category_id": 14,
        "R": [
            [
                0.7702377756214398,
                -0.5578532424629065,
                -0.3090849864994401
            ],
            [
                0.6329346864282698,
                0.7281266972086651,
                0.26310681391394886
            ],
            [
                0.07827804112064125,
                -0.3982854161096331,
                0.9139153547198404
            ]
        ],
        "t": [
            141.90528821220346,
            -113.38094144203515,
            1857.231168639741
        ]
    }
]