[
    {
        "scene_id": 12,
        "image_id": 4,
        "category_id": 0,
        "R": [
            [
                0.8896873579143744,
                0.08754318578686779,
                0.4480988834590718
            ],
            [
                0.4520489737757032,
                -0.3066788413545136,
                -0.837615603727758
            ],
            [
                0.06409491341042031,
                0.9477785744354263,
                -0.3124220903269398
            ]
        ],
        "t": [
            -61.65214542408387,
            219.57709525825516,
            1819.1841390388206
        ]
    },
    {
        "scene_id": 12,
        "image_id": 4,
        "category_id": 0,
        "R": [
            [
                0.8933494138390434,
                0.096551148218137,
                0.43886753598191447
            ],
            [
                0.44828959301303145,
                -0.25894446893172557,
                -0.8555608037073147
            ],
            [
                0.031036950946434754,
                0.9610544122400324,
                -0.27461076271352935
            ]
        ],
        "t": [
            98.22109935021109,
            15.308372150197215,
            1772.162721398362
        ]
    },
    {
        "scene_id": 12,
        "image_id": 4,
        "category_id": 0,
        "R": [
            [
                -0.9091266666762791,
                0.23491660342030507,
                -0.3439518962633947
            ],
            [
                -0.35901371349201433,
                -0.023273533698037994,
                0.933042111690737
            ],
            [
                0.21118208328327098,
                0.9717368375854375,
                0.10549688520417431
            ]
        ],
        "t": [
            102.1569987677691,
            120.07184981197321,
            1789.7047094692828
        ]
    },
    {
        "scene_id": 12,
        "image_id": 4,
        "category_id": 0,
        "R": [
            [
                0.5663029950418891,
                0.22203228160440291,
                0.7937270294627552
            ],
            [
                0.82056426456443,
                -0.24220593072934413,
                -0.5176974607565678
            ],
            [
                0.07729985821595657,
                0.9444775810653354,
                -0.31935368698820144
            ]
        ],
        "t": [
            -79.00320891159595,
            -117.97387364536553,
            1735.3428251072223
        ]
    }
]