[
    {
        "scene_id": 6,
        "image_id": 0,
        "category_id": 1,
        "R": [
            [
                0.06423510982102058,
                0.6774814810925875,
                -0.7327295929150494
            ],
            [
                0.8067391810868082,
                -0.4674462185877723,
                -0.36147737991998513
            ],
            [
                -0.5874059114347487,
                -0.5679021428861367,
                -0.5765773003187998
            ]
        ],
        "t": [
            -210.32621884761738,
            -263.4341689982399,
            2074.0419974774222
        ]
    },
    {
        "scene_id": 6,
        "image_id": 0,
        "category_id": 1,
        "R": [
            [
                0.06429557383894442,
                0.6774045225788468,
                -0.7327954386218741
            ],
            [
                0.8067081955211878,
                -0.46754297021681496,
                -0.36142139954107105
            ],
            [
                -0.5874418497910531,
                -0.5679143000307602,
                -0.5765287094852326
            ]
        ],
        "t": [
            -80.88646787447237,
            -159.83949330133677,
            2015.1162589964206
        ]
    },
    {
        "scene_id": 6,
        "image_id": 0,
        "category_id": 1,
        "R": [
            [
                0.06423364340438868,
                0.6775226208973208,
                -0.732691681485468
            ],
            [
                0.8067386147170201,
                -0.46742576990826695,
                -0.3615050856026323
            ],
            [
                -0.5874068496384969,
                -0.5678698937163461,
                -0.5766081067193145
            ]
        ],
        "t": [
            -434.0554034833226,
            -83.91196673445009,
            2185.29464312121
        ]
    },
    {
        "scene_id": 6,
        "image_id": 0,
        "category_id": 1,
        "R": [
            [
                0.06432158680388035,
                0.6773345234776758,
                -0.7328578577506549
            ],
            [
                0.8066969848481631,
                -0.46760073103211036,
                -0.3613716933318894
            ],
            [
                -0.5874543969790792,
                -0.5679502337623338,
                -0.5764805247060185
            ]
        ],
        "t": [
            -119.5938144764375,
            -483.3016040579126,
            2089.661540754483
        ]
    }
]