[
    {
        "scene_id": 6,
        "image_id": 3,
        "category_id": 1,
        "R": [
            [
                0.3179725772545004,
                0.8720156885641192,
                -0.37213182953301627
            ],
            [
                0.8987222298130769,
                -0.4022405179594866,
                -0.1746451520780999
            ],
            [
                -0.3019798078887458,
                -0.2789107858536149,
                -0.9116012836860619
            ]
        ],
        "t": [
            204.16668908102736,
            9.998157960074764,
            1667.2587355181638
        ]
    },
    {
        "scene_id": 6,
        "image_id": 3,
        "category_id": 1,
        "R": [
            [
                0.31784135075338676,
                0.8722037452880544,
                -0.3718030688364033
            ],
            [
                0.8987712498644673,
                -0.40205001916069855,
                -0.17483143968643824
            ],
            [
                -0.30197206291988843,
                -0.2785972553006074,
                -0.911699716908454
            ]
        ],
        "t": [
            -222.79275094939737,
            302.76912100593375,
            1745.5109583776718
        ]
    },
    {
        "scene_id": 6,
        "image_id": 3,
        "category_id": 1,
        "R": [
            [
                0.31794553901213074,
                0.8720564663916897,
                -0.3720593678247321
            ],
            [
                0.8987317693053336,
                -0.4022008456819135,
                -0.17468742475331683
            ],
            [
                -0.30197988622016836,
                -0.27884049385704834,
                -0.9116227611024703
            ]
        ],
        "t": [
            66.45071093119714,
            204.62717068279755,
            1716.0277166624548
        ]
    }
]