[
    {
        "scene_id": 11,
        "image_id": 2,
        "category_id": 1,
        "R": [
            [
                0.41974206219728094,
                0.8834866802139028,
                -0.2080094259873813
            ],
            [
                0.8008043608925357,
                -0.4683520920250609,
                -0.3733078896389955
            ],
            [
                -0.42723417002520747,
                -0.00988181910857306,
                -0.9040869928376689
            ]
        ],
        "t": [
            157.85005782383456,
            -13.114395367998185,
            1714.6923001867297
        ]
    },
    {
        "scene_id": 11,
        "image_id": 2,
        "category_id": 1,
        "R": [
            [
                0.4196177763589666,
                0.8836395419335423,
                -0.20761049079380375
            ],
            [
                0.8008483904004032,
                -0.46807133032895487,
                -0.3735654859762065
            ],
            [
                -0.42727372561324767,
                -0.00950979596315452,
                -0.9040722892477102
            ]
        ],
        "t": [
            418.75715537860367,
            -432.63945881417965,
            1844.9428832760116
        ]
    },
    {
        "scene_id": 11,
        "image_id": 2,
        "category_id": 1,
        "R": [
            [
                0.4197234030918192,
                0.8835197737100795,
                -0.20790648992496794
            ],
            [
                0.8008084624305594,
                -0.46829181502131645,
                -0.37337470385541455
            ],
            [
                -0.4272448134687903,
                -0.00977916230586955,
                -0.9040830793422115
            ]
        ],
        "t": [
            299.9616133511472,
            2.170338323326007,
            1767.9729350466678
        ]
    },
    {
        "scene_id": 11,
        "image_id": 2,
        "category_id": 1,
        "R": [
            [
                0.4197822887266803,
                0.8834589513679036,
                -0.20804601777472786
            ],
            [
                0.8007845255511372,
                -0.46840398074522377,
                -0.37328533517316403
            ],
            [
                -0.4272318257648722,
                -0.009901446390556987,
                -0.904087885892334
            ]
        ],
        "t": [
            454.17291460216694,
            -232.4145859050534,
            1844.0348663606962
        ]
    },
    {
        "scene_id": 11,
        "image_id": 2,
        "category_id": 1,
        "R": [
            [
                0.4196269440563658,
                0.8836152687184526,
                -0.20769525488595295
            ],
            [
                0.800848934544182,
                -0.4681153508995293,
                -0.3735091555599841
            ],
            [
                -0.42726370206763314,
                -0.009598005184572697,
                -0.9040760942510421
            ]
        ],
        "t": [
            282.7023340558561,
            -402.7950242468175,
            1772.2767952436009
        ]
    },
    {
        "scene_id": 11,
        "image_id": 2,
        "category_id": 1,
        "R": [
            [
                0.41989072144380024,
                0.8833468602880524,
                -0.20830300203610483
            ],
            [
                0.8007425107233758,
                -0.46861047187906496,
                -0.373116260917664
            ],
            [
                -0.4272040177705397,
                -0.010128999946476898,
                -0.9040985054545075
            ]
        ],
        "t": [
            162.73371395742146,
            -364.2639979374711,
            1731.9320878230128
        ]
    },
    {
        "scene_id": 11,
        "image_id": 2,
        "category_id": 1,
        "R": [
            [
                0.419697002914646,
                0.8835503265226453,
                -0.20782993152767773
            ],
            [
                0.8008203150232249,
                -0.4682355804372918,
                -0.37341980565327476
            ],
            [
                -0.4272485319238685,
                -0.009711245091006319,
                -0.9040820541809041
            ]
        ],
        "t": [
            524.5336537950743,
            -490.39658530210147,
            1931.087334735711
        ]
    },
    {
        "scene_id": 11,
        "image_id": 2,
        "category_id": 1,
        "R": [
            [
                0.41965956862943204,
                0.8835812024916463,
                -0.20777425069960923
            ],
            [
                0.8008352605799034,
                -0.46817822891122435,
                -0.3734596609822024
            ],
            [
                -0.4272572891263102,
                -0.009667013091324074,
                -0.9040783897155213
            ]
        ],
        "t": [
            287.2595028050697,
            -183.0865252875418,
            1765.2743705344126
        ]
    },
    {
        "scene_id": 11,
        "image_id": 2,
        "category_id": 1,
        "R": [
            [
                0.4195986411590092,
                0.8836614894067851,
                -0.20755574352328476
            ],
            [
                0.8008583156849169,
                -0.4680308472865315,
                -0.3735949292777446
            ],
            [
                -0.4272739142279802,
                -0.00946280563396899,
                -0.9040726931691475
            ]
        ],
        "t": [
            106.03595765793628,
            -153.99066323487057,
            1692.0101604726556
        ]
    }
]