[
    {
        "scene_id": 13,
        "image_id": 3,
        "category_id": 0,
        "R": [
            [
                0.1751078152719311,
                0.7164914651526698,
                0.6752608822407126
            ],
            [
                0.9844833520903475,
                -0.11948575185068738,
                -0.12851360442432064
            ],
            [
                -0.011394848755371835,
                0.6872868262505992,
                -0.7262967996617442
            ]
        ],
        "t": [
            221.56348321473,
            -426.362353138788,
            1906.0256383388637
        ]
    },
    {
        "scene_id": 13,
        "image_id": 3,
        "category_id": 0,
        "R": [
            [
                0.0916794730808765,
                0.6640098932187328,
                0.7420820450689357
            ],
            [
                0.9928471477708586,
                -0.1181898627771527,
                -0.016904421329671487
            ],
            [
                0.07648186880431003,
                0.7383238225711184,
                -0.6700959051380954
            ]
        ],
        "t": [
            285.7998449086663,
            -5.024968701573783,
            1753.4762727451061
        ]
    },
    {
        "scene_id": 13,
        "image_id": 3,
        "category_id": 0,
        "R": [
            [
                0.5791006885163618,
                0.6066301700416873,
                0.5446487446469548
            ],
            [
                0.7342605236723381,
                -0.09779020233092663,
                -0.6717876313724471
            ],
            [
                -0.3542653317685023,
                0.7889467439635098,
                -0.5020549523817096
            ]
        ],
        "t": [
            -68.06938890451192,
            -474.1945428124921,
            2098.764553910155
        ]
    },
    {
        "scene_id": 13,
        "image_id": 3,
        "category_id": 0,
        "R": [
            [
                0.4838930552221181,
                0.5882364986290175,
                0.6479393169725943
            ],
            [
                0.8598547713079215,
                -0.1818645861321932,
                -0.4770483272483725
            ],
            [
                -0.16278002211341502,
                0.7879740776264781,
                -0.5938009621953542
            ]
        ],
        "t": [
            121.12424244778617,
            32.47365678730267,
            1856.0287821527063
        ]
    }
]