[
    {
        "scene_id": 6,
        "image_id": 0,
        "category_id": 1,
        "R": [
            [
                0.3178560014851486,
                0.8721417681761242,
                -0.3719359058519497
            ],
            [
                0.8987678039588536,
                -0.4020886863318756,
                -0.17476021481954487
            ],
            [
                -0.3019668980254306,
                -0.2787354415695037,
                -0.9116591892621019
            ]
        ],
        "t": [
            -136.63594831410958,
            127.73812483557043,
            1737.4892875706507
        ]
    },
    {
        "scene_id": 6,
        "image_id": 0,
        "category_id": 1,
        "R": [
            [
                0.31792676373157297,
                0.8720810618990206,
                -0.37201776022074495
            ],
            [
                0.8987394640120024,
                -0.40217405145215246,
                -0.17470952452247082
            ],
            [
                -0.30197675299300164,
                -0.2788022160489301,
                -0.911635506238151
            ]
        ],
        "t": [
            3.5734865252655936,
            229.37085261706943,
            1768.647798949449
        ]
    },
    {
        "scene_id": 6,
        "image_id": 0,
        "category_id": 1,
        "R": [
            [
                0.31785515363488626,
                0.8721627059554397,
                -0.37188753029328986
            ],
            [
                0.8987675646402361,
                -0.40207870019364356,
                -0.17478441976943304
            ],
            [
                -0.30196850278561627,
                -0.27868432868076104,
                -0.9116742836831845
            ]
        ],
        "t": [
            -389.40256372926297,
            300.2469116400471,
            1769.2679175453393
        ]
    },
    {
        "scene_id": 6,
        "image_id": 0,
        "category_id": 1,
        "R": [
            [
                0.31795580901172527,
                0.872036967897729,
                -0.37209629086413654
            ],
            [
                0.8987287616287417,
                -0.40221722912737534,
                -0.17466517514161825
            ],
            [
                -0.30197802429185405,
                -0.27887783897141794,
                -0.9116119541951498
            ]
        ],
        "t": [
            -60.053956570937316,
            -97.8612036745916,
            1745.1163498509347
        ]
    }
]