[
    {
        "scene_id": 11,
        "image_id": 0,
        "category_id": 1,
        "R": [
            [
                0.4200761730714435,
                0.8831510672834791,
                -0.20875879709921566
            ],
            [
                0.8006695768273039,
                -0.4689704436915128,
                -0.3728203839417129
            ],
            [
                -0.4271583977727706,
                -0.010533844656727794,
                -0.9041154341859392
            ]
        ],
        "t": [
            159.12974680290944,
            -13.11327940346581,
            1714.2855432657739
        ]
    },
    {
        "scene_id": 11,
        "image_id": 0,
        "category_id": 1,
        "R": [
            [
                0.4190741984414999,
                0.8841615062719376,
                -0.20648312575162514
            ],
            [
                0.8010679202423142,
                -0.4671032633245373,
                -0.3743057781355974
            ],
            [
                -0.4273956745477662,
                -0.00854510137018375,
                -0.9040242782274792
            ]
        ],
        "t": [
            417.9604630350693,
            -430.8893015972732,
            1842.499130741485
        ]
    },
    {
        "scene_id": 11,
        "image_id": 0,
        "category_id": 1,
        "R": [
            [
                0.4198714047089458,
                0.8833656237164348,
                -0.20826236466634893
            ],
            [
                0.8007506989395471,
                -0.468575845129952,
                -0.3731421746520381
            ],
            [
                -0.4272076554672265,
                -0.010094492128687734,
                -0.9040971725114181
            ]
        ],
        "t": [
            300.84167179925487,
            2.944999420511351,
            1760.5128920529908
        ]
    },
    {
        "scene_id": 11,
        "image_id": 0,
        "category_id": 1,
        "R": [
            [
                0.4196805640447335,
                0.8835581406821446,
                -0.20782990735217696
            ],
            [
                0.8008260981569221,
                -0.46822073717115786,
                -0.3734260151477547
            ],
            [
                -0.42725384014055157,
                -0.009715960234090238,
                -0.9040794949594662
            ]
        ],
        "t": [
            162.05205636211167,
            -362.4201541380643,
            1732.9659590934773
        ]
    },
    {
        "scene_id": 11,
        "image_id": 0,
        "category_id": 1,
        "R": [
            [
                0.42008568982009037,
                0.8831385400521135,
                -0.20879263989808058
            ],
            [
                0.8006640518174069,
                -0.46899336974031997,
                -0.3728034096711385
            ],
            [
                -0.42715939479547466,
                -0.010563370582844333,
                -0.9041146186431095
            ]
        ],
        "t": [
            530.391565216448,
            -489.41084379745297,
            1928.0433876268407
        ]
    }
]