[
    {
        "scene_id": 7,
        "image_id": 1,
        "category_id": 0,
        "R": [
            [
                -0.7564537643643999,
                0.1228074629776615,
                0.6424142685701829
            ],
            [
                0.6434372947731051,
                -0.03646726340845818,
                0.7646296751862326
            ],
            [
                0.117329310409932,
                0.9917602414273847,
                -0.05143310866668681
            ]
        ],
        "t": [
            315.2407644787137,
            -342.9517426292283,
            1812.3599773328003
        ]
    },
    {
        "scene_id": 7,
        "image_id": 1,
        "category_id": 0,
        "R": [
            [
                -0.49071948413497707,
                -0.0819311163540324,
                0.8674570554845513
            ],
            [
                0.8713073773841141,
                -0.04131853128359594,
                0.48899507857382385
            ],
            [
                -0.004221867729284613,
                0.9957810911983336,
                0.09166298309146562
            ]
        ],
        "t": [
            125.88464325200147,
            -183.65120700410108,
            1720.5325297354436
        ]
    },
    {
        "scene_id": 7,
        "image_id": 1,
        "category_id": 0,
        "R": [
            [
                -0.7225958045375808,
                0.023761003836409552,
                0.6908623459185023
            ],
            [
                0.6911397595566844,
                0.0053743490454807984,
                0.7227011158930797
            ],
            [
                0.013459163262954963,
                0.9997031755356095,
                -0.020305663563971465
            ]
        ],
        "t": [
            499.38377611645404,
            -298.5046729328125,
            1844.7210013175486
        ]
    }
]