[
    {
        "scene_id": 13,
        "image_id": 5,
        "category_id": 0,
        "R": [
            [
                -0.41807410382218757,
                0.717921275715294,
                0.5565995969087956
            ],
            [
                0.8075641236173445,
                0.013137769944407282,
                0.5896334854869937
            ],
            [
                0.4159979398710844,
                0.6960003491515834,
                -0.5852600219719086
            ]
        ],
        "t": [
            221.27250985780847,
            -426.8739583242882,
            1904.3546930298032
        ]
    },
    {
        "scene_id": 13,
        "image_id": 5,
        "category_id": 0,
        "R": [
            [
                -0.22586140513968994,
                0.7417532575605508,
                0.6314972337683437
            ],
            [
                0.8156267393864507,
                -0.21047324555098407,
                0.5389379341497165
            ],
            [
                0.5326722325900433,
                0.6367913024602886,
                -0.5574560027958614
            ]
        ],
        "t": [
            266.4720248932372,
            -387.2995211118708,
            1870.6945621618395
        ]
    },
    {
        "scene_id": 13,
        "image_id": 5,
        "category_id": 0,
        "R": [
            [
                0.5760390863297975,
                0.6304335410069012,
                0.5203196585602604
            ],
            [
                0.6950280500894058,
                -0.0427055527013146,
                -0.7177132486710104
            ],
            [
                -0.43024996289825035,
                0.7750676333879305,
                -0.4627690551615977
            ]
        ],
        "t": [
            213.32013466292142,
            -178.4809065390385,
            1836.4329752220494
        ]
    },
    {
        "scene_id": 13,
        "image_id": 5,
        "category_id": 0,
        "R": [
            [
                -0.5371912404620904,
                0.6689895410705515,
                0.5136911433920656
            ],
            [
                0.6497111041806505,
                -0.060171402466756674,
                0.7577961106986797
            ],
            [
                0.5378671810624752,
                0.7408322648075684,
                -0.40232638028181406
            ]
        ],
        "t": [
            -91.05431236834693,
            -56.527981955546096,
            2034.0872068439476
        ]
    },
    {
        "scene_id": 13,
        "image_id": 5,
        "category_id": 0,
        "R": [
            [
                -0.3797166083809843,
                0.7099192061186814,
                0.593152631110996
            ],
            [
                0.8030271041461143,
                -0.06539798567576108,
                0.5923433425275922
            ],
            [
                0.4593068955115492,
                0.7012402372712818,
                -0.5452516581193774
            ]
        ],
        "t": [
            286.0093717982527,
            -4.496772207400824,
            1753.3501189080134
        ]
    },
    {
        "scene_id": 13,
        "image_id": 5,
        "category_id": 0,
        "R": [
            [
                0.8208822733456297,
                0.4819464344975805,
                0.3063983571633734
            ],
            [
                0.3790107248021252,
                -0.05840867956362307,
                -0.9235471610032179
            ],
            [
                -0.42720393375630694,
                0.8742517470375799,
                -0.23060951216189526
            ]
        ],
        "t": [
            249.36011782341484,
            -480.3380466597895,
            1895.4343317425717
        ]
    },
    {
        "scene_id": 13,
        "image_id": 5,
        "category_id": 0,
        "R": [
            [
                0.7293832275894664,
                0.6738709241203099,
                -0.11789024822624834
            ],
            [
                -0.16026879602640676,
                0.0007880940423838314,
                -0.9870731248942647
            ],
            [
                -0.6650669621730487,
                0.7388487018251758,
                0.1085753054420595
            ]
        ],
        "t": [
            185.9307942022267,
            -466.2505890899462,
            1934.3535012722862
        ]
    },
    {
        "scene_id": 13,
        "image_id": 5,
        "category_id": 0,
        "R": [
            [
                0.4400416708276693,
                0.5709586802059212,
                0.6930869636078433
            ],
            [
                0.8925328758812462,
                -0.19322997042579798,
                -0.4074890255711187
            ],
            [
                -0.09873422370480686,
                0.7979150442808349,
                -0.5946286240119912
            ]
        ],
        "t": [
            -145.4225160317842,
            -462.6846800157252,
            2198.5986534769877
        ]
    },
    {
        "scene_id": 13,
        "image_id": 5,
        "category_id": 0,
        "R": [
            [
                -0.7146387793434988,
                0.6960419466995024,
                0.06940496512235927
            ],
            [
                0.11986501838117529,
                0.02410188783034653,
                0.992497626360888
            ],
            [
                0.6891471810268065,
                0.7175965117879606,
                -0.10065522573234495
            ]
        ],
        "t": [
            277.5647102327973,
            -404.94441476110353,
            1952.922098193036
        ]
    }
]