[
    {
        "scene_id": 6,
        "image_id": 5,
        "category_id": 1,
        "R": [
            [
                0.31756837294437174,
                0.8725772253010672,
                -0.37115944542846924
            ],
            [
                0.8988739093925442,
                -0.40166092478534393,
                -0.17519762072252634
            ],
            [
                -0.30195369533887934,
                -0.27798832576711924,
                -0.911891653577589
            ]
        ],
        "t": [
            -223.74906588006417,
            305.3275454614312,
            1745.0603179175387
        ]
    },
    {
        "scene_id": 6,
        "image_id": 5,
        "category_id": 1,
        "R": [
            [
                0.31797028622217377,
                0.8720237926867025,
                -0.3721147962759639
            ],
            [
                0.8987228041083034,
                -0.402235190937072,
                -0.17465446556104217
            ],
            [
                -0.3019805110830943,
                -0.2788931300985433,
                -0.9116064524595638
            ]
        ],
        "t": [
            193.555559101192,
            4.704806778525381,
            1676.8260178694875
        ]
    },
    {
        "scene_id": 6,
        "image_id": 5,
        "category_id": 1,
        "R": [
            [
                0.3179620794372797,
                0.8720274816522624,
                -0.3721131640006146
            ],
            [
                0.8987264718418895,
                -0.4022265146910123,
                -0.1746555738676492
            ],
            [
                -0.30197823674717594,
                -0.278894108899637,
                -0.911606906406607
            ]
        ],
        "t": [
            169.06895448498523,
            334.61408653503946,
            1771.0053348754404
        ]
    }
]