[
    {
        "scene_id": 14,
        "image_id": 3,
        "category_id": 0,
        "R": [
            [
                0.7777822839429184,
                0.14026265693385764,
                0.6126835393757798
            ],
            [
                0.626811307543613,
                -0.2452106643683577,
                -0.739580557376899
            ],
            [
                0.046501014451012276,
                0.9592695466085505,
                -0.27863872525663963
            ]
        ],
        "t": [
            310.3355157068488,
            331.06412546907245,
            1731.3564969780539
        ]
    },
    {
        "scene_id": 14,
        "image_id": 3,
        "category_id": 0,
        "R": [
            [
                -0.8251635584301679,
                0.3868379896990416,
                0.41165699937218053
            ],
            [
                0.32685740131880225,
                -0.2673949967166801,
                0.9064569713827763
            ],
            [
                0.4607269865622668,
                0.8825283236321276,
                0.09420376026736671
            ]
        ],
        "t": [
            102.24008895930876,
            -37.89803112216248,
            1668.2244599200749
        ]
    },
    {
        "scene_id": 14,
        "image_id": 3,
        "category_id": 0,
        "R": [
            [
                -0.2489701724606142,
                0.2650008950912814,
                0.9315516047935248
            ],
            [
                0.9214561848342402,
                -0.2313482272141392,
                0.3120842566199558
            ],
            [
                0.2982154176227707,
                0.9360835821331267,
                -0.18658788428266668
            ]
        ],
        "t": [
            103.13897704200838,
            403.6736796042826,
            1765.7747413529387
        ]
    },
    {
        "scene_id": 14,
        "image_id": 3,
        "category_id": 0,
        "R": [
            [
                0.9052381685221416,
                0.18002596380602992,
                0.38488248099131445
            ],
            [
                0.4235747311980784,
                -0.31072777241968536,
                -0.8509011602836167
            ],
            [
                -0.033590613255546346,
                0.9332946229771253,
                -0.3575370806382108
            ]
        ],
        "t": [
            265.9579499284374,
            277.27849902188535,
            1722.9422523301487
        ]
    },
    {
        "scene_id": 14,
        "image_id": 3,
        "category_id": 0,
        "R": [
            [
                -0.33272558011169245,
                0.13641984173537897,
                0.9331041360362043
            ],
            [
                0.9099352700315643,
                -0.2133662228157921,
                0.35565818611179856
            ],
            [
                0.24761174000656808,
                0.9674008614889108,
                -0.05314081303127133
            ]
        ],
        "t": [
            70.38082536771913,
            346.5573544443512,
            1766.6324844676562
        ]
    }
]