[
    {
        "scene_id": 12,
        "image_id": 1,
        "category_id": 0,
        "R": [
            [
                -0.990982644096288,
                0.048033111969237645,
                0.1250849848986249
            ],
            [
                0.12792157847435573,
                0.06138673910680754,
                0.9898827329628174
            ],
            [
                0.03986857564297267,
                0.9969576048218607,
                -0.06697766693713095
            ]
        ],
        "t": [
            106.55080045900037,
            -118.71045942979987,
            1666.7351462919223
        ]
    },
    {
        "scene_id": 12,
        "image_id": 1,
        "category_id": 0,
        "R": [
            [
                -0.8584841631306873,
                0.2310586428999782,
                0.4578393598060706
            ],
            [
                0.4868401237678003,
                0.08652734957294453,
                0.8691949140791773
            ],
            [
                0.1612193471966723,
                0.969084570555654,
                -0.18677096724256692
            ]
        ],
        "t": [
            278.20999493988666,
            -206.64292075107755,
            1691.128314962049
        ]
    },
    {
        "scene_id": 12,
        "image_id": 1,
        "category_id": 0,
        "R": [
            [
                0.276561885988743,
                0.031844065872566475,
                0.9604683820301748
            ],
            [
                0.9609822634741485,
                -0.014537614502112587,
                -0.2762278661687917
            ],
            [
                0.005166694763088625,
                0.9993871077605968,
                -0.03462211881754173
            ]
        ],
        "t": [
            110.5280894414968,
            -465.90805735562896,
            1702.3767700558813
        ]
    },
    {
        "scene_id": 12,
        "image_id": 1,
        "category_id": 0,
        "R": [
            [
                0.9027266366120759,
                -0.2278737947684278,
                0.36490846441470115
            ],
            [
                0.34712673016973533,
                -0.11525310586891901,
                -0.9307093218533433
            ],
            [
                0.254141086005965,
                0.9668455070008382,
                -0.024940950268249343
            ]
        ],
        "t": [
            -167.75059332337372,
            106.28303925698174,
            1634.4220057671293
        ]
    },
    {
        "scene_id": 12,
        "image_id": 1,
        "category_id": 0,
        "R": [
            [
                0.8328699835692269,
                -0.004383066751750254,
                0.5534513649706309
            ],
            [
                0.5522682635395163,
                -0.05924421121221954,
                -0.8315587625179374
            ],
            [
                0.036433567559357456,
                0.998233885658112,
                -0.04692208097566195
            ]
        ],
        "t": [
            -59.93878863235258,
            -521.802053817882,
            1896.0807620881715
        ]
    }
]