[
    {
        "scene_id": 11,
        "image_id": 3,
        "category_id": 0,
        "R": [
            [
                -0.34500865495207517,
                0.732611190102971,
                0.5867281294044989
            ],
            [
                0.7756440561914617,
                -0.12946492623707803,
                0.6177501055684138
            ],
            [
                0.5285313460892458,
                0.6682213122979301,
                -0.5235789905129818
            ]
        ],
        "t": [
            176.49904108058058,
            -117.09414434037072,
            2026.4918676080981
        ]
    },
    {
        "scene_id": 11,
        "image_id": 3,
        "category_id": 0,
        "R": [
            [
                0.6272510929058612,
                0.5841443865975612,
                0.5151033175445444
            ],
            [
                0.6941070779675739,
                -0.11932032260872578,
                -0.7099141405045882
            ],
            [
                -0.35323006366736037,
                0.8028312706203923,
                -0.4803025487651197
            ]
        ],
        "t": [
            187.4029266702919,
            -20.91441719411327,
            2011.2489051901596
        ]
    },
    {
        "scene_id": 11,
        "image_id": 3,
        "category_id": 0,
        "R": [
            [
                0.8554550480229361,
                0.46611577931318193,
                0.22568288986490603
            ],
            [
                0.3081368225524524,
                -0.10787068108320179,
                -0.9452066846517891
            ],
            [
                -0.4162311792088407,
                0.8781230290157698,
                -0.23590594880430354
            ]
        ],
        "t": [
            91.07003460850933,
            -100.01800177666269,
            2072.0334347135667
        ]
    },
    {
        "scene_id": 11,
        "image_id": 3,
        "category_id": 0,
        "R": [
            [
                -0.12023658046039284,
                0.6761823732686343,
                0.7268566492028695
            ],
            [
                0.975322011157403,
                -0.05611222257336354,
                0.21353794742447724
            ],
            [
                0.18517613363860785,
                0.7345943536855579,
                -0.6527488034294859
            ]
        ],
        "t": [
            150.6036486987889,
            -313.3168510196797,
            2055.84605512481
        ]
    },
    {
        "scene_id": 11,
        "image_id": 3,
        "category_id": 0,
        "R": [
            [
                0.654139590119119,
                0.5037942004128027,
                -0.5641744641151799
            ],
            [
                -0.7058526596409492,
                0.13856665915816335,
                -0.6946735678058051
            ],
            [
                -0.27179673896754375,
                0.85263751921637,
                0.4462464104346779
            ]
        ],
        "t": [
            96.95990861759742,
            -267.89902000305045,
            2061.205747342922
        ]
    },
    {
        "scene_id": 11,
        "image_id": 3,
        "category_id": 0,
        "R": [
            [
                -0.6816930124781119,
                0.657023265129997,
                -0.32189298145015266
            ],
            [
                -0.3368929005635403,
                0.10866195433196463,
                0.9352517389404549
            ],
            [
                0.6494596650316278,
                0.745998027160551,
                0.1472723744775064
            ]
        ],
        "t": [
            142.15985638384336,
            -62.02865819933645,
            2043.4642900799765
        ]
    },
    {
        "scene_id": 11,
        "image_id": 3,
        "category_id": 0,
        "R": [
            [
                -0.7098335556781352,
                0.6891121503775299,
                0.14581081278775815
            ],
            [
                0.24223780526046312,
                0.04444693934537142,
                0.9691983167783182
            ],
            [
                0.6614054836395753,
                0.7232903706768321,
                -0.19847894400248597
            ]
        ],
        "t": [
            -201.45595105206212,
            6.954358058565674,
            2237.3896822674296
        ]
    },
    {
        "scene_id": 11,
        "image_id": 3,
        "category_id": 0,
        "R": [
            [
                0.08984938583122386,
                0.6752764711144769,
                0.732071581961331
            ],
            [
                0.9546354584650604,
                -0.26791757447341685,
                0.12996682919109712
            ],
            [
                0.28389837886545516,
                0.6871840437098486,
                -0.6687150857149995
            ]
        ],
        "t": [
            97.03082831556071,
            -451.98030457983117,
            2104.77826952757
        ]
    },
    {
        "scene_id": 11,
        "image_id": 3,
        "category_id": 0,
        "R": [
            [
                0.20707678208510852,
                0.6808524558269324,
                0.7025376612012669
            ],
            [
                0.973611359124737,
                -0.07301337415366423,
                -0.21621755372421098
            ],
            [
                -0.09591760858925515,
                0.728772274687306,
                -0.6780050511052851
            ]
        ],
        "t": [
            196.1350621862216,
            -135.7308937058615,
            2265.324524311071
        ]
    },
    {
        "scene_id": 11,
        "image_id": 3,
        "category_id": 0,
        "R": [
            [
                -0.06657369689476564,
                0.7317714654121419,
                0.678290860163075
            ],
            [
                0.991894559342022,
                -0.02519953939827041,
                0.12454006713629727
            ],
            [
                0.10822748100907814,
                0.6810840992333932,
                -0.7241625007141271
            ]
        ],
        "t": [
            -112.87262228294435,
            94.95446125051018,
            2438.1247080011804
        ]
    },
    {
        "scene_id": 11,
        "image_id": 3,
        "category_id": 0,
        "R": [
            [
                0.3553799421846462,
                0.5926333771750516,
                0.7228352527660536
            ],
            [
                0.9288244219643208,
                -0.13716458575846066,
                -0.3441963560772507
            ],
            [
                -0.10483485189311785,
                0.7937075086248501,
                -0.5991978887610946
            ]
        ],
        "t": [
            34.650002257691995,
            -226.09771854023577,
            2118.5705466507598
        ]
    },
    {
        "scene_id": 11,
        "image_id": 3,
        "category_id": 0,
        "R": [
            [
                0.851658563411974,
                0.40599571397282364,
                0.3314290230097295
            ],
            [
                0.3694060492964718,
                -0.016427592059217757,
                -0.9291229019472133
            ],
            [
                -0.3717753316256497,
                0.9137273518921727,
                -0.16396796794931331
            ]
        ],
        "t": [
            39.45020087517855,
            -471.31394113447016,
            2006.1998613856458
        ]
    },
    {
        "scene_id": 11,
        "image_id": 3,
        "category_id": 0,
        "R": [
            [
                -0.4973182115144017,
                0.741111860712887,
                0.4510297463551962
            ],
            [
                0.6472182119384771,
                -0.029273775758133457,
                0.7617425379670777
            ],
            [
                0.5777397651349029,
                0.6707430954174554,
                -0.46510270806172305
            ]
        ],
        "t": [
            -134.4414978969137,
            51.70621348312889,
            2232.8443433019447
        ]
    },
    {
        "scene_id": 11,
        "image_id": 3,
        "category_id": 0,
        "R": [
            [
                -0.0667092108851706,
                0.6797867466259414,
                0.7303696913106609
            ],
            [
                0.9824303910289885,
                -0.08312200921284536,
                0.16709673942824477
            ],
            [
                0.17429994068706628,
                0.7286842653576321,
                -0.6622981484281567
            ]
        ],
        "t": [
            85.98763293869729,
            54.18407708232775,
            2094.31492447457
        ]
    },
    {
        "scene_id": 11,
        "image_id": 3,
        "category_id": 0,
        "R": [
            [
                -0.22909119923258506,
                0.7500862766828984,
                0.6203932830524492
            ],
            [
                0.8177296354656106,
                -0.19744312859695254,
                0.5406796798582586
            ],
            [
                0.528048790718589,
                0.631178923148737,
                -0.5681352892648964
            ]
        ],
        "t": [
            19.921183356379743,
            0.79128873271506,
            1985.520363840156
        ]
    },
    {
        "scene_id": 11,
        "image_id": 3,
        "category_id": 0,
        "R": [
            [
                -0.1813097362987361,
                0.6909407502713303,
                0.6998054621308754
            ],
            [
                0.9531221176421981,
                -0.0518300139103818,
                0.29811397229885694
            ],
            [
                0.24225001340701202,
                0.7210510220190035,
                -0.6491536181554597
            ]
        ],
        "t": [
            -243.7853581278813,
            -33.56125721099076,
            2267.168686251808
        ]
    },
    {
        "scene_id": 11,
        "image_id": 3,
        "category_id": 0,
        "R": [
            [
                0.842640305222802,
                0.48949314028915,
                -0.2243965403350148
            ],
            [
                -0.33220687954811823,
                0.14459982678477942,
                -0.9320566191145344
            ],
            [
                -0.4237876147148675,
                0.8599345386685369,
                0.2844586299163472
            ]
        ],
        "t": [
            85.98371168720382,
            -202.47678734719568,
            2074.846826633783
        ]
    },
    {
        "scene_id": 11,
        "image_id": 3,
        "category_id": 0,
        "R": [
            [
                -0.6339166652060848,
                0.6963593845738273,
                0.3365015524189913
            ],
            [
                0.4501917545905278,
                -0.021542714344202466,
                0.8926720324497057
            ],
            [
                0.6288696956139244,
                0.7173698945182871,
                -0.2998389662667997
            ]
        ],
        "t": [
            144.11514481076392,
            -433.44502077583263,
            2201.7763796257123
        ]
    },
    {
        "scene_id": 11,
        "image_id": 3,
        "category_id": 0,
        "R": [
            [
                0.8194724544225827,
                0.5659855211426233,
                0.09014051247899145
            ],
            [
                0.1474610751019234,
                -0.05623719346939808,
                -0.9874678077593074
            ],
            [
                -0.5538232262450496,
                0.8224948761142427,
                -0.12954566049085772
            ]
        ],
        "t": [
            168.98852892766354,
            26.788079759571815,
            1992.7917148418255
        ]
    },
    {
        "scene_id": 11,
        "image_id": 3,
        "category_id": 0,
        "R": [
            [
                -0.12803673522264084,
                0.7171273119825792,
                0.6850803153883509
            ],
            [
                0.9237468296274904,
                -0.1651833377709681,
                0.34555219813583204
            ],
            [
                0.36096876578423653,
                0.677084137768606,
                -0.641294539057538
            ]
        ],
        "t": [
            -104.15647395495853,
            105.39311549528833,
            2335.535426087578
        ]
    },
    {
        "scene_id": 11,
        "image_id": 3,
        "category_id": 0,
        "R": [
            [
                -0.7355831302096303,
                0.6774225551659038,
                -0.004020695702786889
            ],
            [
                0.07173454199356165,
                0.0837924234942409,
                0.9938979058285806
            ],
            [
                0.6736257548265085,
                0.7308061017764194,
                -0.11023089111243654
            ]
        ],
        "t": [
            160.8654559894453,
            32.02264017273228,
            2019.7541055139216
        ]
    },
    {
        "scene_id": 11,
        "image_id": 3,
        "category_id": 0,
        "R": [
            [
                0.2041265092669358,
                0.6612560824619552,
                0.721853716006226
            ],
            [
                0.9778000687421825,
                -0.10207644989641598,
                -0.1829958630811898
            ],
            [
                -0.047322864664966054,
                0.7431829120510416,
                -0.6674127441320749
            ]
        ],
        "t": [
            89.87459092506788,
            -194.75879854807098,
            1989.288374584236
        ]
    },
    {
        "scene_id": 11,
        "image_id": 3,
        "category_id": 0,
        "R": [
            [
                0.4884862754903214,
                0.5737551954800428,
                0.6574086704688992
            ],
            [
                0.8528463940413096,
                -0.15464971367753155,
                -0.4987349558540036
            ],
            [
                -0.18448370930637234,
                0.8042937866573514,
                -0.5648693044055522
            ]
        ],
        "t": [
            140.83722570593022,
            -45.863078663014505,
            1962.7191242695467
        ]
    },
    {
        "scene_id": 11,
        "image_id": 3,
        "category_id": 0,
        "R": [
            [
                -0.515906790994064,
                0.670914618842445,
                0.5326478976961586
            ],
            [
                0.7211034771418836,
                0.00446670541435266,
                0.6928130236630428
            ],
            [
                0.46243919733356154,
                0.7415211868544894,
                -0.48610326426601114
            ]
        ],
        "t": [
            26.923949617414337,
            69.44380230162403,
            2149.418332740542
        ]
    },
    {
        "scene_id": 11,
        "image_id": 3,
        "category_id": 0,
        "R": [
            [
                0.14788465577812523,
                0.7125858037421737,
                0.6858218621339948
            ],
            [
                0.9888861203922373,
                -0.11727479457278912,
                -0.09138339791232486
            ],
            [
                0.015311103387619304,
                0.6917139156770543,
                -0.7220093450132362
            ]
        ],
        "t": [
            -232.42445513629843,
            -154.62602847167858,
            1678.351846809948
        ]
    }
]