[
    {
        "scene_id": 6,
        "image_id": 3,
        "category_id": 1,
        "R": [
            [
                0.4197946541591091,
                0.8834470422948221,
                -0.20807170602128636
            ],
            [
                0.800779259178892,
                -0.4684259747776297,
                -0.3732688548531327
            ],
            [
                -0.4272294425218881,
                -0.009923234011629468,
                -0.9040887351879134
            ]
        ],
        "t": [
            305.60061137367234,
            -376.73077792475397,
            1715.6712633729555
        ]
    },
    {
        "scene_id": 6,
        "image_id": 3,
        "category_id": 1,
        "R": [
            [
                0.4196673172377366,
                0.8835851483933588,
                -0.20774188655110096
            ],
            [
                0.8008307051908573,
                -0.4681715443615481,
                -0.3734776304606125
            ],
            [
                -0.4272581123904161,
                -0.009629723538493756,
                -0.9040783605670717
            ]
        ],
        "t": [
            -110.67385550719848,
            -67.47229773684427,
            1643.5091336880437
        ]
    },
    {
        "scene_id": 6,
        "image_id": 3,
        "category_id": 1,
        "R": [
            [
                0.41976869186002275,
                0.883476470411213,
                -0.2079991216580343
            ],
            [
                0.8007889299547781,
                -0.46837186755762267,
                -0.3733160016973592
            ],
            [
                -0.4272368255930026,
                -0.0098570216245619,
                -0.9040859705837717
            ]
        ],
        "t": [
            172.85102977046932,
            -174.06969572755366,
            1692.6367313602736
        ]
    }
]