[
    {
        "scene_id": 8,
        "image_id": 1,
        "category_id": 14,
        "R": [
            [
                0.7122980202015403,
                -0.5697460173515196,
                -0.4099036546910116
            ],
            [
                0.5388555767676225,
                0.06969320331623431,
                0.839510288679034
            ],
            [
                -0.44974014475405605,
                -0.818860386832581,
                0.356653149534666
            ]
        ],
        "t": [
            -3.3666051864940982,
            -68.83082422882367,
            1853.8722819659904
        ]
    },
    {
        "scene_id": 8,
        "image_id": 1,
        "category_id": 14,
        "R": [
            [
                0.8059802180257059,
                -0.125990935235193,
                -0.5783789176567536
            ],
            [
                0.21577202187233863,
                -0.8473286865659672,
                0.485259241539527
            ],
            [
                -0.5512153143086278,
                -0.5159073377661489,
                -0.6557448407045886
            ]
        ],
        "t": [
            -299.5598551577091,
            -267.98336847404494,
            2046.9561150316947
        ]
    },
    {
        "scene_id": 8,
        "image_id": 1,
        "category_id": 14,
        "R": [
            [
                0.8171398668664849,
                0.19939478802162944,
                -0.5408550235388712
            ],
            [
                -0.153849424906853,
                -0.8287937048283844,
                -0.5379882427085855
            ],
            [
                -0.5555292903468313,
                0.5228218753520654,
                -0.6465636041566951
            ]
        ],
        "t": [
            -200.49368782658757,
            -0.3961874634406968,
            1953.3687967723258
        ]
    },
    {
        "scene_id": 8,
        "image_id": 1,
        "category_id": 14,
        "R": [
            [
                0.8265368410254277,
                0.09324556869776618,
                -0.5551054983928164
            ],
            [
                -0.1610459330237432,
                -0.9057833762344564,
                -0.3919447445671665
            ],
            [
                -0.5393524431058221,
                0.41335425394634495,
                -0.7336465108349127
            ]
        ],
        "t": [
            25.809058112655293,
            -473.73393325210486,
            1929.6406895877217
        ]
    }
]