[
    {
        "scene_id": 10,
        "image_id": 2,
        "category_id": 0,
        "R": [
            [
                0.8311997665388008,
                0.13548178199792776,
                0.5392139171239453
            ],
            [
                0.5501059836458488,
                -0.34094810397012243,
                -0.7623240014525587
            ],
            [
                0.08056295487974852,
                0.9302682554718709,
                -0.3579253131179153
            ]
        ],
        "t": [
            226.38413628801118,
            -91.82953936209469,
            1897.1859932326777
        ]
    },
    {
        "scene_id": 10,
        "image_id": 2,
        "category_id": 0,
        "R": [
            [
                0.7253256024660237,
                0.11435707094424732,
                0.6788411038674603
            ],
            [
                0.680139205257047,
                -0.2714052902242157,
                -0.680991861878724
            ],
            [
                0.1063648394736721,
                0.9556472021594363,
                -0.274635927250557
            ]
        ],
        "t": [
            56.20439990585953,
            341.8191867889106,
            1982.9268219703579
        ]
    },
    {
        "scene_id": 10,
        "image_id": 2,
        "category_id": 0,
        "R": [
            [
                -0.7216252388105361,
                0.3048786582014549,
                0.6215352218921766
            ],
            [
                0.5973653297976396,
                -0.17951475173421372,
                0.7816196023002432
            ],
            [
                0.3498738632345777,
                0.9353199494206575,
                -0.052581542857189224
            ]
        ],
        "t": [
            222.2672028769333,
            5.186760787024355,
            1919.1759625323484
        ]
    },
    {
        "scene_id": 10,
        "image_id": 2,
        "category_id": 0,
        "R": [
            [
                -0.6684851315472354,
                0.2126755733038249,
                0.7126687470261376
            ],
            [
                0.6727234034193166,
                -0.23568999611404576,
                0.7013512203298157
            ],
            [
                0.3171291579111832,
                0.9482717299657001,
                0.014483437388769506
            ]
        ],
        "t": [
            -144.84961553643154,
            436.13045310879966,
            1978.4300006866176
        ]
    },
    {
        "scene_id": 10,
        "image_id": 2,
        "category_id": 0,
        "R": [
            [
                -0.2916159907180482,
                0.20660777308065859,
                0.9339557567828485
            ],
            [
                0.8945726316941199,
                -0.28679753734590235,
                0.3427638622005129
            ],
            [
                0.33867388353608774,
                0.9354466044884269,
                -0.10119089568656767
            ]
        ],
        "t": [
            -136.6406970034158,
            242.68320409026023,
            1928.0750338367484
        ]
    },
    {
        "scene_id": 10,
        "image_id": 2,
        "category_id": 0,
        "R": [
            [
                0.06334679275443329,
                0.17343622890676366,
                0.9828057142273684
            ],
            [
                0.9509304639641422,
                -0.3093321702261143,
                -0.006704267489658987
            ],
            [
                0.30285065992652876,
                0.9350045091796549,
                -0.18452098038968476
            ]
        ],
        "t": [
            -221.71458601021624,
            -50.502839038160346,
            1845.6379793822061
        ]
    },
    {
        "scene_id": 10,
        "image_id": 2,
        "category_id": 0,
        "R": [
            [
                0.4440447861348235,
                0.12508746731037215,
                0.8872301657382914
            ],
            [
                0.8505155093375221,
                -0.37034283379237376,
                -0.37345634265520167
            ],
            [
                0.28186462345329844,
                0.9204342793673789,
                -0.27083762297579084
            ]
        ],
        "t": [
            202.11762063846948,
            393.5994779501455,
            2012.6785671604846
        ]
    },
    {
        "scene_id": 10,
        "image_id": 2,
        "category_id": 0,
        "R": [
            [
                0.4567005642630382,
                0.17144965205119267,
                0.8729430823260976
            ],
            [
                0.8717346011791702,
                -0.2820209681567652,
                -0.4006782308303555
            ],
            [
                0.17749211612944502,
                0.9439645852820671,
                -0.27825771696996876
            ]
        ],
        "t": [
            3.1478447555385287,
            391.27590541934325,
            1983.954273299288
        ]
    },
    {
        "scene_id": 10,
        "image_id": 2,
        "category_id": 0,
        "R": [
            [
                0.7709180172119879,
                0.14787739431915273,
                0.6195302256992437
            ],
            [
                0.6321690351251189,
                -0.29640540608910265,
                -0.715895405980902
            ],
            [
                0.07776736932688438,
                0.9435444130753022,
                -0.3219877690698084
            ]
        ],
        "t": [
            51.90975455157172,
            438.7599486626133,
            2008.598852015663
        ]
    },
    {
        "scene_id": 10,
        "image_id": 2,
        "category_id": 0,
        "R": [
            [
                -0.17261056668040844,
                0.2833055228169151,
                0.9433682136787009
            ],
            [
                0.8518180498087101,
                -0.43796701722295334,
                0.2873864782472289
            ],
            [
                0.4945823205235973,
                0.8531839397857597,
                -0.16572700360935505
            ]
        ],
        "t": [
            206.84145717873605,
            296.78450702510503,
            1989.5478157237255
        ]
    },
    {
        "scene_id": 10,
        "image_id": 2,
        "category_id": 0,
        "R": [
            [
                0.7690335139730445,
                0.09056588200758295,
                0.6327600563958663
            ],
            [
                0.6165137915084011,
                -0.36652609674478986,
                -0.6968281361421866
            ],
            [
                0.1688142200064778,
                0.9259894125622173,
                -0.33770595723865493
            ]
        ],
        "t": [
            160.72714809417874,
            246.77036021343463,
            1973.3779524177885
        ]
    },
    {
        "scene_id": 10,
        "image_id": 2,
        "category_id": 0,
        "R": [
            [
                0.21609350574704858,
                0.19520857426603458,
                0.9566594079789382
            ],
            [
                0.9556257677135417,
                -0.24319839620569145,
                -0.1662348284786118
            ],
            [
                0.20020757616075902,
                0.9501305699118648,
                -0.23909992299241967
            ]
        ],
        "t": [
            109.00249458638245,
            294.68715158749757,
            1978.6544030177463
        ]
    },
    {
        "scene_id": 10,
        "image_id": 2,
        "category_id": 0,
        "R": [
            [
                0.7926441917113339,
                0.1571802938697778,
                0.5890751684912008
            ],
            [
                0.6091786088152895,
                -0.24353187543878504,
                -0.7547143394964523
            ],
            [
                0.024832370856579584,
                0.9570718505463713,
                -0.2887849941696729
            ]
        ],
        "t": [
            -175.37114676772828,
            -1.6782921251559628,
            1865.3969609710225
        ]
    },
    {
        "scene_id": 10,
        "image_id": 2,
        "category_id": 0,
        "R": [
            [
                0.502434790622994,
                0.08875683334258688,
                -0.8600473936209938
            ],
            [
                -0.8474719736764483,
                -0.14654472425138731,
                -0.5102117047476069
            ],
            [
                -0.17132018933514095,
                0.985214094515557,
                0.0015897491169705846
            ]
        ],
        "t": [
            231.54358866544078,
            -187.94068335215968,
            1873.995506682567
        ]
    },
    {
        "scene_id": 10,
        "image_id": 2,
        "category_id": 0,
        "R": [
            [
                0.9761353713284917,
                -0.04202095055615358,
                -0.21305865418561368
            ],
            [
                -0.2171540749608513,
                -0.19775316508038832,
                -0.9558963748560901
            ],
            [
                -0.001965353511741892,
                0.9793507383968146,
                -0.20215888601637014
            ]
        ],
        "t": [
            8.413664545406505,
            294.9203574415069,
            1963.6633922371884
        ]
    },
    {
        "scene_id": 10,
        "image_id": 2,
        "category_id": 0,
        "R": [
            [
                0.7944451115123818,
                0.15355432192962815,
                0.5876036492215236
            ],
            [
                0.6060345221330833,
                -0.26373642762978344,
                -0.75044342941919
            ],
            [
                0.039738666115211235,
                0.9522941319513515,
                -0.3025833294723919
            ]
        ],
        "t": [
            -143.71097745420377,
            339.2690285046875,
            1957.0917518604963
        ]
    },
    {
        "scene_id": 10,
        "image_id": 2,
        "category_id": 0,
        "R": [
            [
                -0.23624412402417858,
                0.25347869519637084,
                0.9380497207042033
            ],
            [
                0.9218755646551259,
                -0.24667412313998496,
                0.2988267161740087
            ],
            [
                0.3071387956979143,
                0.9353610946649015,
                -0.17540048281776163
            ]
        ],
        "t": [
            -216.9039076487727,
            -147.58027816732124,
            1827.728678534345
        ]
    },
    {
        "scene_id": 10,
        "image_id": 2,
        "category_id": 0,
        "R": [
            [
                0.5385134055510754,
                0.2466560653581368,
                -0.8057072117285944
            ],
            [
                -0.8297458907280693,
                -0.0112615747922232,
                -0.5580277948162724
            ],
            [
                -0.1467144796782167,
                0.9690376218951038,
                0.19859731975236733
            ]
        ],
        "t": [
            67.42012967208552,
            413.6137745627927,
            1873.6848063548607
        ]
    },
    {
        "scene_id": 10,
        "image_id": 2,
        "category_id": 0,
        "R": [
            [
                -0.07362108386921393,
                0.06477783940694641,
                0.9951802756783974
            ],
            [
                0.9777274953848406,
                -0.19197295865382527,
                0.08482578587088423
            ],
            [
                0.19654254007193195,
                0.9792600054578615,
                -0.04920181156151102
            ]
        ],
        "t": [
            -9.518178913968825,
            312.8583599485311,
            2109.78215567139
        ]
    },
    {
        "scene_id": 10,
        "image_id": 2,
        "category_id": 0,
        "R": [
            [
                -0.11210942342282272,
                0.26384184617233236,
                0.9580286900483816
            ],
            [
                0.9585397010231985,
                -0.225464739894921,
                0.1742623845266167
            ],
            [
                0.26197940024223265,
                0.9378449127930246,
                -0.2276261408651398
            ]
        ],
        "t": [
            -158.85552978924414,
            -6.404211245997203,
            1747.4639567451447
        ]
    },
    {
        "scene_id": 10,
        "image_id": 2,
        "category_id": 0,
        "R": [
            [
                0.8340832019704171,
                0.1243035700581611,
                0.5374512519561307
            ],
            [
                0.5512244251082405,
                -0.22555825206759536,
                -0.8032902303169946
            ],
            [
                0.021374732473537595,
                0.9662670658090197,
                -0.25665351147550025
            ]
        ],
        "t": [
            -8.734894619014824,
            417.7654633804059,
            2131.508067745248
        ]
    },
    {
        "scene_id": 10,
        "image_id": 2,
        "category_id": 0,
        "R": [
            [
                0.8255685634004604,
                0.1965123864913806,
                0.5289796240385851
            ],
            [
                0.5639455243517233,
                -0.3206219686241041,
                -0.7610302785262185
            ],
            [
                0.02005062351503907,
                0.9265982871082598,
                -0.37551768724374296
            ]
        ],
        "t": [
            184.31947071379534,
            -254.09398847040507,
            1991.5078363550551
        ]
    },
    {
        "scene_id": 10,
        "image_id": 2,
        "category_id": 0,
        "R": [
            [
                0.22281368352590653,
                0.14976401439979495,
                0.9632885424378904
            ],
            [
                0.908159999929363,
                -0.3911116504610922,
                -0.1492554100739035
            ],
            [
                0.354400275739893,
                0.9080761920672566,
                -0.2231547009684323
            ]
        ],
        "t": [
            -220.79660096232948,
            412.789844909085,
            2106.4870202387815
        ]
    },
    {
        "scene_id": 10,
        "image_id": 2,
        "category_id": 0,
        "R": [
            [
                -0.07415006038004537,
                0.18865470929536302,
                0.979240104761829
            ],
            [
                0.9279156336064076,
                -0.34668282857541166,
                0.13705356366837054
            ],
            [
                0.36534152256943137,
                0.9188146542015312,
                -0.14934908677110315
            ]
        ],
        "t": [
            161.6028100758365,
            232.00498891329175,
            1850.4579392576795
        ]
    },
    {
        "scene_id": 10,
        "image_id": 2,
        "category_id": 0,
        "R": [
            [
                0.6580942698502026,
                0.2108096104237348,
                0.7228217302426386
            ],
            [
                0.7513910908724853,
                -0.24533570299416999,
                -0.612553595555721
            ],
            [
                0.048201805856794594,
                0.9462397417148734,
                -0.31985447272111983
            ]
        ],
        "t": [
            -59.80898307750971,
            364.0749885606836,
            2112.191520971674
        ]
    },
    {
        "scene_id": 10,
        "image_id": 2,
        "category_id": 0,
        "R": [
            [
                0.9003210361625399,
                0.025707494163843478,
                0.4344665351378254
            ],
            [
                0.4246637562639517,
                -0.2704807156028475,
                -0.8640028718917505
            ],
            [
                0.09530347297308878,
                0.9623820719314465,
                -0.2544365191406229
            ]
        ],
        "t": [
            -166.9555800888626,
            363.41364324720155,
            2102.151358420147
        ]
    },
    {
        "scene_id": 10,
        "image_id": 2,
        "category_id": 0,
        "R": [
            [
                0.09519772245041777,
                0.35252408159473,
                0.9309480002146661
            ],
            [
                0.9617289424529877,
                -0.2739497325217641,
                0.005391783929426435
            ],
            [
                0.25693369139433625,
                0.8948062755953959,
                -0.36511197459104067
            ]
        ],
        "t": [
            23.823313068113237,
            -187.78618148222188,
            2387.036802182693
        ]
    },
    {
        "scene_id": 10,
        "image_id": 2,
        "category_id": 0,
        "R": [
            [
                0.9857252320510559,
                -0.009362276180596851,
                -0.16810154148683634
            ],
            [
                -0.16624660267006502,
                -0.21190622380151983,
                -0.9630461595631185
            ],
            [
                -0.026605460319276145,
                0.9772451297466158,
                -0.21043776390161487
            ]
        ],
        "t": [
            120.53923722119487,
            2.270332643660595,
            2045.5670374453257
        ]
    },
    {
        "scene_id": 10,
        "image_id": 2,
        "category_id": 0,
        "R": [
            [
                0.6286898237387407,
                0.24705918353372247,
                -0.7373675331384222
            ],
            [
                -0.7599316065468499,
                -0.006106911012997717,
                -0.6499744187607948
            ],
            [
                -0.16508519155380735,
                0.9689811226141718,
                0.18390870059683093
            ]
        ],
        "t": [
            -118.39856197625963,
            230.41341390035058,
            1800.6824688563281
        ]
    },
    {
        "scene_id": 10,
        "image_id": 2,
        "category_id": 0,
        "R": [
            [
                0.7607014331872549,
                0.15497374045708465,
                0.6303304553035948
            ],
            [
                0.6475606349872628,
                -0.24806829846390202,
                -0.7205049821802394
            ],
            [
                0.044705662721202064,
                0.9562662837243254,
                -0.28906079800090234
            ]
        ],
        "t": [
            -251.72814501294957,
            -55.81613825317879,
            1984.653924623933
        ]
    },
    {
        "scene_id": 10,
        "image_id": 2,
        "category_id": 0,
        "R": [
            [
                0.936899960384751,
                0.016539309107818072,
                -0.34920614120162285
            ],
            [
                -0.3265667870871757,
                -0.3151501329071079,
                -0.8910861985995636
            ],
            [
                -0.12479030957506117,
                0.948897672032438,
                -0.28986295599088246
            ]
        ],
        "t": [
            -44.4130588075102,
            295.38081080469584,
            1775.1960258456108
        ]
    }
]