[
    {
        "scene_id": 13,
        "image_id": 3,
        "category_id": 0,
        "R": [
            [
                0.14354370656584586,
                0.31390521805369154,
                0.9385407460263208
            ],
            [
                0.9481478624899251,
                -0.3153609549185993,
                -0.039537134481957004
            ],
            [
                0.283568192805396,
                0.89555063345791,
                -0.3428966164172661
            ]
        ],
        "t": [
            326.3652224128514,
            -35.3166650389511,
            1756.1121522833146
        ]
    },
    {
        "scene_id": 13,
        "image_id": 3,
        "category_id": 0,
        "R": [
            [
                0.02858176435541952,
                0.2436374762955656,
                0.9694451384468845
            ],
            [
                0.9460667340401142,
                -0.319697562439195,
                0.05245273441431081
            ],
            [
                0.32270869618833636,
                0.9156605270426698,
                -0.23963481222175614
            ]
        ],
        "t": [
            447.38141036690706,
            400.7593087722564,
            1745.358491406331
        ]
    },
    {
        "scene_id": 13,
        "image_id": 3,
        "category_id": 0,
        "R": [
            [
                0.6651099656628533,
                0.16891326204345344,
                0.7273905808088517
            ],
            [
                0.7370592264568919,
                -0.3048784831789256,
                -0.6031524626690298
            ],
            [
                0.11988529454170789,
                0.9372925740026476,
                -0.3272767842061696
            ]
        ],
        "t": [
            -18.92557366873359,
            -95.24403135979787,
            1778.6150972725675
        ]
    },
    {
        "scene_id": 13,
        "image_id": 3,
        "category_id": 0,
        "R": [
            [
                0.489324845770563,
                0.1545245587868714,
                0.8583026095794988
            ],
            [
                0.8298379072128196,
                -0.385165006470531,
                -0.403753701627159
            ],
            [
                0.2681982658568735,
                0.9098186807985662,
                -0.31670112862052513
            ]
        ],
        "t": [
            253.2613276882039,
            431.2394260670531,
            1766.0846403739286
        ]
    }
]