[
    {
        "scene_id": 13,
        "image_id": 2,
        "category_id": 0,
        "R": [
            [
                -0.7926393416393965,
                0.2301624810742469,
                0.5645778245369284
            ],
            [
                0.5338716625515368,
                -0.18520691629746186,
                0.8250330491043808
            ],
            [
                0.2944553608473778,
                0.9553656774701861,
                0.023925078649074494
            ]
        ],
        "t": [
            70.28347368738571,
            105.28444916035659,
            1709.6853229172452
        ]
    },
    {
        "scene_id": 13,
        "image_id": 2,
        "category_id": 0,
        "R": [
            [
                0.20746594561426718,
                0.18122886273737054,
                0.9613084802959648
            ],
            [
                0.8863166815592254,
                -0.45071119213154787,
                -0.10631202806658775
            ],
            [
                0.4140056715839025,
                0.8740797906340465,
                -0.25413337071249703
            ]
        ],
        "t": [
            171.10039542442996,
            101.38994989886123,
            1724.5745690858382
        ]
    },
    {
        "scene_id": 13,
        "image_id": 2,
        "category_id": 0,
        "R": [
            [
                0.6544915521655852,
                0.15059186424498558,
                -0.7409203142948253
            ],
            [
                -0.7230303433172844,
                -0.16186030275708008,
                -0.671586517932206
            ],
            [
                -0.22106105143730923,
                0.9752554935157598,
                0.0029462710253650493
            ]
        ],
        "t": [
            -273.77910107451385,
            307.17210702818414,
            1755.5804979082027
        ]
    },
    {
        "scene_id": 13,
        "image_id": 2,
        "category_id": 0,
        "R": [
            [
                0.9753320934190103,
                0.07190513788153022,
                0.208703071996483
            ],
            [
                0.22033765809738737,
                -0.259877583413957,
                -0.9401675617130758
            ],
            [
                -0.013365622012446614,
                0.9629606627335687,
                -0.26931035773645745
            ]
        ],
        "t": [
            120.04963327839954,
            55.020436732242274,
            1706.7231229062281
        ]
    },
    {
        "scene_id": 13,
        "image_id": 2,
        "category_id": 0,
        "R": [
            [
                0.9397223448071435,
                0.1372644190130023,
                0.31317791670363276
            ],
            [
                0.3392433783605058,
                -0.25949297809189276,
                -0.9041998731441963
            ],
            [
                -0.042846988904408086,
                0.9559402804932932,
                -0.29041739321263427
            ]
        ],
        "t": [
            85.17727328897786,
            9.365660011085765,
            1687.600321691749
        ]
    },
    {
        "scene_id": 13,
        "image_id": 2,
        "category_id": 0,
        "R": [
            [
                0.6240464189211379,
                0.19968817289062749,
                0.7554407416911973
            ],
            [
                0.7722495898215341,
                -0.30503547783552176,
                -0.5573006498440103
            ],
            [
                0.11914988750942314,
                0.9311701996169105,
                -0.3445653933001493
            ]
        ],
        "t": [
            -214.8813750841653,
            -27.053633983961504,
            1619.9767103773202
        ]
    },
    {
        "scene_id": 13,
        "image_id": 2,
        "category_id": 0,
        "R": [
            [
                0.7996381874359333,
                0.12240782331630345,
                0.5878733771423741
            ],
            [
                0.595810608953715,
                -0.2836174518484157,
                -0.7513793617738275
            ],
            [
                0.07475644492470337,
                0.9510927466100164,
                -0.2997232188140033
            ]
        ],
        "t": [
            160.8533013978872,
            4.851890743169179,
            1690.2132763772947
        ]
    },
    {
        "scene_id": 13,
        "image_id": 2,
        "category_id": 0,
        "R": [
            [
                0.4845525148908277,
                0.25625021539657394,
                0.836387889074097
            ],
            [
                0.8591489021292682,
                -0.31925084715833957,
                -0.3999276767031573
            ],
            [
                0.1645359957193361,
                0.9123676212130585,
                -0.3748508723250676
            ]
        ],
        "t": [
            -35.002326088814584,
            -77.02096273594793,
            1649.682140730373
        ]
    },
    {
        "scene_id": 13,
        "image_id": 2,
        "category_id": 0,
        "R": [
            [
                0.4443454393892301,
                0.1957597975100961,
                0.8742054940003745
            ],
            [
                0.8819438618520048,
                -0.26689393931076316,
                -0.3885134949202978
            ],
            [
                0.15726483290765705,
                0.9436342908605619,
                -0.29124224290237033
            ]
        ],
        "t": [
            118.48734823702011,
            317.5301948402677,
            1818.7435974648567
        ]
    },
    {
        "scene_id": 13,
        "image_id": 2,
        "category_id": 0,
        "R": [
            [
                -0.1279689717389581,
                0.22399535970423468,
                0.9661521798716204
            ],
            [
                0.9598811022749663,
                -0.21709969959362807,
                0.17747133843576315
            ],
            [
                0.2495041068608776,
                0.9501019665272852,
                -0.1872268689818127
            ]
        ],
        "t": [
            71.32153701797682,
            94.42381576740956,
            1697.3643526470587
        ]
    },
    {
        "scene_id": 13,
        "image_id": 2,
        "category_id": 0,
        "R": [
            [
                0.7867432770641037,
                0.15845424180550477,
                -0.5965964153562417
            ],
            [
                -0.5848733571330167,
                -0.11768803834601693,
                -0.8025414430299848
            ],
            [
                -0.19737835566329576,
                0.98032735554776,
                8.537318714893716e-05
            ]
        ],
        "t": [
            82.75568684028121,
            18.50184338961742,
            1468.485027296212
        ]
    }
]