[
    {
        "scene_id": 11,
        "image_id": 4,
        "category_id": 1,
        "R": [
            [
                0.06430659617189365,
                0.6774230343130151,
                -0.7327774013719084
            ],
            [
                0.8066968678137415,
                -0.4675501126172169,
                -0.3614375708357244
            ],
            [
                -0.5874562878904124,
                -0.5678864068566053,
                -0.5765415891678437
            ]
        ],
        "t": [
            -51.34005856501108,
            -37.21492989846101,
            1975.3797867218466
        ]
    },
    {
        "scene_id": 11,
        "image_id": 4,
        "category_id": 1,
        "R": [
            [
                0.06389661939987301,
                0.6783357965600649,
                -0.7319684384076438
            ],
            [
                0.8068787482130654,
                -0.46672772244006155,
                -0.362093883887221
            ],
            [
                -0.5872512007204157,
                -0.5674731945086752,
                -0.5771570549523078
            ]
        ],
        "t": [
            236.74628603686256,
            -456.8033918391429,
            1907.2376710509816
        ]
    },
    {
        "scene_id": 11,
        "image_id": 4,
        "category_id": 1,
        "R": [
            [
                0.06429535062177437,
                0.6774057624786781,
                -0.7327943548769584
            ],
            [
                0.8067077705697329,
                -0.46754272960745963,
                -0.36142278684958323
            ],
            [
                -0.5874425468286689,
                -0.5679130877796871,
                -0.5765293090716721
            ]
        ],
        "t": [
            379.0316982140703,
            -518.4953048867803,
            1910.2181696492848
        ]
    },
    {
        "scene_id": 11,
        "image_id": 4,
        "category_id": 1,
        "R": [
            [
                0.0643034955814566,
                0.6773972804622934,
                -0.7328014810088258
            ],
            [
                0.8067037680270543,
                -0.4675546660148331,
                -0.3614162792393455
            ],
            [
                -0.5874471517852736,
                -0.5679133781044654,
                -0.5765243309210942
            ]
        ],
        "t": [
            183.0784114323858,
            -464.6617378627461,
            1849.8645544460085
        ]
    },
    {
        "scene_id": 11,
        "image_id": 4,
        "category_id": 1,
        "R": [
            [
                0.06427475125387014,
                0.6774637979374106,
                -0.7327425090206702
            ],
            [
                0.8067163911813378,
                -0.4674959465170351,
                -0.361464059278378
            ],
            [
                -0.5874329626301713,
                -0.5678823723194234,
                -0.5765693288227142
            ]
        ],
        "t": [
            80.27969167622427,
            -20.78204437141605,
            1899.2615994688401
        ]
    },
    {
        "scene_id": 11,
        "image_id": 4,
        "category_id": 1,
        "R": [
            [
                0.06429426240926638,
                0.6774132946242185,
                -0.7327874874600714
            ],
            [
                0.8067100138858678,
                -0.4675363270143626,
                -0.3614260621187746
            ],
            [
                -0.5874395852776881,
                -0.56790937437895,
                -0.5765359845282503
            ]
        ],
        "t": [
            80.42239874694906,
            -20.66375361839596,
            1946.4034385070036
        ]
    },
    {
        "scene_id": 11,
        "image_id": 4,
        "category_id": 1,
        "R": [
            [
                0.0643445568505361,
                0.6772928919292829,
                -0.732894359533631
            ],
            [
                0.806685058609631,
                -0.4676438047525504,
                -0.3613427044414169
            ],
            [
                -0.5874683474478528,
                -0.5679644854598164,
                -0.5764523825242867
            ]
        ],
        "t": [
            96.25030494798125,
            -28.62362580294584,
            2348.4601382068868
        ]
    },
    {
        "scene_id": 11,
        "image_id": 4,
        "category_id": 1,
        "R": [
            [
                0.06433614900647662,
                0.6773089823764191,
                -0.7328802276045321
            ],
            [
                0.806689801676081,
                -0.46762727796886366,
                -0.3613535038321052
            ],
            [
                -0.5874627552758487,
                -0.5679589048653823,
                -0.576463579823128
            ]
        ],
        "t": [
            -107.75033023488231,
            -306.22514616972046,
            2036.9576005968395
        ]
    },
    {
        "scene_id": 11,
        "image_id": 4,
        "category_id": 1,
        "R": [
            [
                0.06442299152560275,
                0.6770918653942128,
                -0.7330731953020188
            ],
            [
                0.8066483887866687,
                -0.4678157179592545,
                -0.36120201114977374
            ],
            [
                -0.5875101020950434,
                -0.5680625900215035,
                -0.5763131432381223
            ]
        ],
        "t": [
            -33.51219917756703,
            -387.66915463577504,
            1982.3091451950656
        ]
    },
    {
        "scene_id": 11,
        "image_id": 4,
        "category_id": 1,
        "R": [
            [
                0.06431316101491558,
                0.6773545574411531,
                -0.7328401234405791
            ],
            [
                0.8067008826729224,
                -0.46758313320330824,
                -0.36138588987259557
            ],
            [
                -0.587450055961015,
                -0.567940897787364,
                -0.5764942616250005
            ]
        ],
        "t": [
            20.179740518244444,
            -510.4445609422875,
            2000.1979455535118
        ]
    }
]