[
    {
        "scene_id": 11,
        "image_id": 1,
        "category_id": 1,
        "R": [
            [
                0.3182509070070788,
                0.8716242064373303,
                -0.3728104297217367
            ],
            [
                0.8986223115340911,
                -0.40263684423352614,
                -0.17424580027427822
            ],
            [
                -0.3019840288787656,
                -0.2795618737113544,
                -0.9114004343192611
            ]
        ],
        "t": [
            -130.56081542439864,
            313.7760638170831,
            1932.237822712015
        ]
    },
    {
        "scene_id": 11,
        "image_id": 1,
        "category_id": 1,
        "R": [
            [
                0.3179058216624568,
                0.8721225833930675,
                -0.37193830356197616
            ],
            [
                0.8987458547048762,
                -0.4021396151266565,
                -0.1747561290227475
            ],
            [
                -0.30197984951910434,
                -0.27872200536796565,
                -0.9116590156501888
            ]
        ],
        "t": [
            20.848327286964263,
            285.93246476354807,
            1896.3133396044427
        ]
    },
    {
        "scene_id": 11,
        "image_id": 1,
        "category_id": 1,
        "R": [
            [
                0.3179528356075441,
                0.8720408111820158,
                -0.3720898164822223
            ],
            [
                0.8987299326908426,
                -0.40221310294724266,
                -0.17466886940005633
            ],
            [
                -0.301977738789508,
                -0.27887178101731985,
                -0.9116139104006673
            ]
        ],
        "t": [
            11.147912950488603,
            -165.13269668926398,
            1859.5670953499807
        ]
    },
    {
        "scene_id": 11,
        "image_id": 1,
        "category_id": 1,
        "R": [
            [
                0.3179325115280718,
                0.8720724488960896,
                -0.37203303019687656
            ],
            [
                0.8987381194607357,
                -0.402181878030935,
                -0.1746986423705701
            ],
            [
                -0.3019747722123424,
                -0.2788178754238303,
                -0.9116313815899701
            ]
        ],
        "t": [
            -226.36313887634145,
            -17.189627771361188,
            1860.7941048936234
        ]
    },
    {
        "scene_id": 11,
        "image_id": 1,
        "category_id": 1,
        "R": [
            [
                0.31795029934024194,
                0.8720438600722886,
                -0.37208483821208477
            ],
            [
                0.8987308347087418,
                -0.40220973920149455,
                -0.17467197391002012
            ],
            [
                -0.3019777246802867,
                -0.27886709845147023,
                -0.9116153475048382
            ]
        ],
        "t": [
            -223.8444250352838,
            -152.20439563666264,
            1848.1332427207485
        ]
    }
]