[
    {
        "scene_id": 12,
        "image_id": 2,
        "category_id": 0,
        "R": [
            [
                0.8996067885974116,
                -0.1162405622843335,
                -0.420946305105393
            ],
            [
                -0.4178913275078663,
                0.05070887041120971,
                -0.9070807769161501
            ],
            [
                0.12678529394837718,
                0.9919257619495571,
                -0.0029578748276019627
            ]
        ],
        "t": [
            222.18930794884454,
            -96.9730503497195,
            1813.9773143472978
        ]
    },
    {
        "scene_id": 12,
        "image_id": 2,
        "category_id": 0,
        "R": [
            [
                0.8559303110431156,
                -0.09583210205776647,
                0.5081333929643218
            ],
            [
                0.5082684017263407,
                -0.024830773943377366,
                -0.8608407236344001
            ],
            [
                0.095113518286957,
                0.9950877434266093,
                0.027455027326456473
            ]
        ],
        "t": [
            -270.93144803208213,
            -112.91934876801164,
            1734.3342063381747
        ]
    },
    {
        "scene_id": 12,
        "image_id": 2,
        "category_id": 0,
        "R": [
            [
                -0.3014178545922293,
                0.048519015694802776,
                0.9522569066389773
            ],
            [
                0.9522466199859221,
                -0.03571342997533416,
                0.3032342537383567
            ],
            [
                0.04872097348082044,
                0.9981835676988557,
                -0.03543739442096324
            ]
        ],
        "t": [
            29.229540087082285,
            -134.95449135780845,
            1765.6709612878442
        ]
    },
    {
        "scene_id": 12,
        "image_id": 2,
        "category_id": 0,
        "R": [
            [
                -0.9979743023005991,
                0.06217138839489713,
                0.01349239064404771
            ],
            [
                0.020858482727581947,
                0.11940085056674417,
                0.9926270435454169
            ],
            [
                0.06010198474896532,
                0.990897640153953,
                -0.12045578097726943
            ]
        ],
        "t": [
            -117.45541301253888,
            -156.45349053986968,
            1756.8985253706117
        ]
    },
    {
        "scene_id": 12,
        "image_id": 2,
        "category_id": 0,
        "R": [
            [
                0.39768124227105417,
                0.013746608566221364,
                0.9174206747677353
            ],
            [
                0.9154232809790662,
                -0.07356218583857022,
                -0.3957131643648555
            ],
            [
                0.06204774765582903,
                0.9971958757833685,
                -0.041838252063878416
            ]
        ],
        "t": [
            -80.15592094039701,
            21.673380780114513,
            1770.1487480273786
        ]
    },
    {
        "scene_id": 12,
        "image_id": 2,
        "category_id": 0,
        "R": [
            [
                -0.9972537519954476,
                0.07334509140864737,
                -0.010270632398651934
            ],
            [
                0.002575852180782835,
                0.17294427110792998,
                0.9849282872737303
            ],
            [
                0.07401588766620919,
                0.9821969027062205,
                -0.17265824536225285
            ]
        ],
        "t": [
            191.39988940469522,
            -240.64202978969536,
            1791.545736682909
        ]
    },
    {
        "scene_id": 12,
        "image_id": 2,
        "category_id": 0,
        "R": [
            [
                0.9428809192730697,
                -0.04873269242828798,
                0.3295462500955962
            ],
            [
                0.31692492158624236,
                -0.17356046452270577,
                -0.9324352236094958
            ],
            [
                0.10263627788868175,
                0.9836167303779881,
                -0.1482022239575198
            ]
        ],
        "t": [
            -214.04727927531087,
            116.96959633207621,
            1722.0353207543496
        ]
    },
    {
        "scene_id": 12,
        "image_id": 2,
        "category_id": 0,
        "R": [
            [
                0.058179976723844895,
                0.07211321105714315,
                0.9956981516966121
            ],
            [
                0.9926100652909305,
                -0.11057218469621208,
                -0.04999137175668934
            ],
            [
                0.1064914660352362,
                0.9912484343578696,
                -0.0780133709630596
            ]
        ],
        "t": [
            183.9327578889699,
            -340.71234270662717,
            1790.3259116411898
        ]
    },
    {
        "scene_id": 12,
        "image_id": 2,
        "category_id": 0,
        "R": [
            [
                0.9730062799283515,
                -0.10076631156688687,
                0.20761734962619172
            ],
            [
                0.2046566522554098,
                -0.03899474398395092,
                -0.9780568243331814
            ],
            [
                0.10665116370770918,
                0.9941456316516346,
                -0.017319623322831268
            ]
        ],
        "t": [
            8.22412990099626,
            -478.3515013134451,
            1751.5487502156066
        ]
    },
    {
        "scene_id": 12,
        "image_id": 2,
        "category_id": 0,
        "R": [
            [
                0.06259526964203349,
                -0.01407571096078188,
                0.9979397480669856
            ],
            [
                0.9979001163238592,
                -0.015800004750459524,
                -0.06281564045831334
            ],
            [
                0.01665161847864061,
                0.9997760805598371,
                0.01305715691618248
            ]
        ],
        "t": [
            -387.12720411231777,
            -458.1127383439073,
            2612.5942157292898
        ]
    }
]