[
    {
        "scene_id": 13,
        "image_id": 1,
        "category_id": 0,
        "R": [
            [
                -0.4886093698268609,
                0.11823212622973513,
                0.864454789007038
            ],
            [
                0.8692899332807283,
                -0.018979441398809516,
                0.49393813347063015
            ],
            [
                0.07480620744943581,
                0.9928045756756004,
                -0.09350445363138882
            ]
        ],
        "t": [
            408.5776594630384,
            -403.08062542852133,
            1833.1863414168174
        ]
    },
    {
        "scene_id": 13,
        "image_id": 1,
        "category_id": 0,
        "R": [
            [
                -0.7878296211250115,
                0.11982943286620804,
                0.6041236870787241
            ],
            [
                0.6108953797635883,
                0.027329939289077666,
                0.7912395316194903
            ],
            [
                0.0783031024949869,
                0.9924182389939894,
                -0.09473457687671334
            ]
        ],
        "t": [
            64.59626815803253,
            -449.9205678123393,
            1787.3987097365427
        ]
    },
    {
        "scene_id": 13,
        "image_id": 1,
        "category_id": 0,
        "R": [
            [
                -0.7511212732413004,
                0.10365402068392018,
                0.6519760049825711
            ],
            [
                0.6509514543700519,
                -0.048126695268822836,
                0.7575923126929746
            ],
            [
                0.10990491933825655,
                0.9934483609176963,
                -0.03132474899301313
            ]
        ],
        "t": [
            552.9837401669679,
            19.43190607862428,
            1748.4193884514336
        ]
    },
    {
        "scene_id": 13,
        "image_id": 1,
        "category_id": 0,
        "R": [
            [
                0.62829012119145,
                0.03513079181293431,
                -0.7771855539524896
            ],
            [
                -0.7774218144420935,
                0.06615842675490738,
                -0.625490585056524
            ],
            [
                0.029443404332179138,
                0.9971904868774387,
                0.06887812299090507
            ]
        ],
        "t": [
            356.35005866910666,
            -438.1260899829461,
            1838.828888032503
        ]
    },
    {
        "scene_id": 13,
        "image_id": 1,
        "category_id": 0,
        "R": [
            [
                0.8336370392738344,
                -0.1708617890144055,
                0.5252195445698511
            ],
            [
                0.5290558166716327,
                -0.026012503097537852,
                -0.8481882924940587
            ],
            [
                0.15858523593766571,
                0.9849515596108964,
                0.0687104443803088
            ]
        ],
        "t": [
            413.05450178778943,
            -421.39803506452506,
            1748.8856276671688
        ]
    },
    {
        "scene_id": 13,
        "image_id": 1,
        "category_id": 0,
        "R": [
            [
                0.8692506787919958,
                -0.014540194125288147,
                0.49415774239311744
            ],
            [
                0.49188067269265984,
                -0.07477846442146888,
                -0.8674454865210022
            ],
            [
                0.04956518326208553,
                0.997094149334557,
                -0.05784917436985769
            ]
        ],
        "t": [
            353.82930148666264,
            67.79042911450642,
            1744.533358327769
        ]
    }
]