[
    {
        "scene_id": 14,
        "image_id": 4,
        "category_id": 0,
        "R": [
            [
                0.7255489239577743,
                0.5000064805695172,
                0.4728343304188427
            ],
            [
                0.608927297104139,
                -0.14636209637067782,
                -0.7796061477104516
            ],
            [
                -0.32060309998345354,
                0.8535641233808275,
                -0.4106604496086646
            ]
        ],
        "t": [
            -233.68894541770794,
            -95.67859962476255,
            2204.1813486404826
        ]
    },
    {
        "scene_id": 14,
        "image_id": 4,
        "category_id": 0,
        "R": [
            [
                -0.21050229491746478,
                0.6248748694548223,
                0.7518112841988563
            ],
            [
                0.8954912305192273,
                -0.18524294132202748,
                0.404698122943542
            ],
            [
                0.39215341368863943,
                0.7584302878334417,
                -0.5205758964300027
            ]
        ],
        "t": [
            260.4022326569043,
            -454.83320301593636,
            2040.6433433891245
        ]
    },
    {
        "scene_id": 14,
        "image_id": 4,
        "category_id": 0,
        "R": [
            [
                0.18191819910969553,
                0.6710634688824694,
                0.7187347321888282
            ],
            [
                0.9785413854704854,
                -0.19547314974501293,
                -0.0651695221002072
            ],
            [
                0.09676045293595674,
                0.7151671954428301,
                -0.6922234918180235
            ]
        ],
        "t": [
            -124.0231155049471,
            -479.19525835712324,
            2182.1838900083458
        ]
    },
    {
        "scene_id": 14,
        "image_id": 4,
        "category_id": 0,
        "R": [
            [
                0.8284133249165846,
                0.5504659510296543,
                0.10353079516792066
            ],
            [
                0.10492002473944087,
                0.029063108513663727,
                -0.9940559270447014
            ],
            [
                -0.5502028618228818,
                0.8343516200645593,
                -0.03367863198272333
            ]
        ],
        "t": [
            171.044755427248,
            -80.39422382179607,
            2073.198297471607
        ]
    }
]