[
    {
        "scene_id": 13,
        "image_id": 5,
        "category_id": 1,
        "R": [
            [
                0.41976959764388544,
                0.8834730227920432,
                -0.20801186765468163
            ],
            [
                0.8007897981854087,
                -0.46837808139601855,
                -0.3733065214879466
            ],
            [
                -0.4272344125345157,
                -0.009871040299924208,
                -0.9040869959876462
            ]
        ],
        "t": [
            507.38784824492967,
            -65.24545222186765,
            1758.2913966507929
        ]
    },
    {
        "scene_id": 13,
        "image_id": 5,
        "category_id": 1,
        "R": [
            [
                0.41973576575846905,
                0.8835117316905691,
                -0.20791570672003723
            ],
            [
                0.8008034921969828,
                -0.46830687911810115,
                -0.37336646990759004
            ],
            [
                -0.42724198420470366,
                -0.00978434997870005,
                -0.9040843602411247
            ]
        ],
        "t": [
            542.1006714803633,
            -32.10613801258236,
            1761.3522104307638
        ]
    },
    {
        "scene_id": 13,
        "image_id": 5,
        "category_id": 1,
        "R": [
            [
                0.41989091563111386,
                0.8833264671213047,
                -0.20838907276070998
            ],
            [
                0.8007447377825024,
                -0.46864694572397786,
                -0.373065667373309
            ],
            [
                -0.4271996525255455,
                -0.010219555837955268,
                -0.9040995490347343
            ]
        ],
        "t": [
            71.61330158704243,
            -166.55140409176164,
            1732.846101209348
        ]
    }
]