[
    {
        "scene_id": 12,
        "image_id": 3,
        "category_id": 0,
        "R": [
            [
                0.31755490444191864,
                0.6416688037958177,
                0.698154749744326
            ],
            [
                0.9360370343542274,
                -0.09438371326598032,
                -0.339008033751371
            ],
            [
                -0.15163644228424125,
                0.7611523571849268,
                -0.6305977670733374
            ]
        ],
        "t": [
            51.91964845113375,
            -87.15543878448908,
            1869.8084845117191
        ]
    },
    {
        "scene_id": 12,
        "image_id": 3,
        "category_id": 0,
        "R": [
            [
                -0.19883707896123995,
                0.6758876586316898,
                0.709675781346643
            ],
            [
                0.9722982818273578,
                0.04525150559762585,
                0.22932163953107107
            ],
            [
                0.12288176458767613,
                0.7356141797085228,
                -0.6661620792706889
            ]
        ],
        "t": [
            -328.4857930003494,
            -342.99574690978716,
            2149.660576046038
        ]
    },
    {
        "scene_id": 12,
        "image_id": 3,
        "category_id": 0,
        "R": [
            [
                -0.652313295807966,
                0.648376386812915,
                -0.3925499341816427
            ],
            [
                -0.4008841728787199,
                0.14440462914909288,
                0.9046763205567833
            ],
            [
                0.6432567852071654,
                0.7474994394970677,
                0.16572676775700168
            ]
        ],
        "t": [
            -220.62918222147096,
            -176.5335291018332,
            2061.9496089819027
        ]
    },
    {
        "scene_id": 12,
        "image_id": 3,
        "category_id": 0,
        "R": [
            [
                0.18545856830207005,
                0.6617140661831231,
                0.7264569083911157
            ],
            [
                0.9691036702132969,
                -0.24550497574138247,
                -0.02377909219972597
            ],
            [
                0.162613821740951,
                0.7084220854876683,
                -0.6868005235050249
            ]
        ],
        "t": [
            -225.99161177412032,
            -177.3141429294194,
            2045.6926400939356
        ]
    },
    {
        "scene_id": 12,
        "image_id": 3,
        "category_id": 0,
        "R": [
            [
                0.7260611458294716,
                0.5018399944382472,
                0.4700977113212202
            ],
            [
                0.5794506168145623,
                -0.07843508014783704,
                -0.8112243726836175
            ],
            [
                -0.3702326800563515,
                0.8613968970880517,
                -0.34774015244150286
            ]
        ],
        "t": [
            43.168948670909,
            -337.9690759135068,
            1894.2356055100088
        ]
    },
    {
        "scene_id": 12,
        "image_id": 3,
        "category_id": 0,
        "R": [
            [
                0.06912371570948173,
                0.7223847095816722,
                0.6880278111962858
            ],
            [
                0.9598033333094487,
                -0.23621862108399375,
                0.15158623414330913
            ],
            [
                0.27202855317652846,
                0.6498931764120357,
                -0.70967555321036
            ]
        ],
        "t": [
            33.277543095728106,
            -226.78793471894238,
            1878.1768776243914
        ]
    },
    {
        "scene_id": 12,
        "image_id": 3,
        "category_id": 0,
        "R": [
            [
                0.8131209392028033,
                0.580190903858615,
                0.047041247858746874
            ],
            [
                0.07856377125081133,
                -0.029311517614415517,
                -0.996478113529089
            ],
            [
                -0.5767686804732128,
                0.8139529485838711,
                -0.06941579093752465
            ]
        ],
        "t": [
            -94.50235363094839,
            -488.33645016170743,
            1990.1934218965077
        ]
    }
]