[
    {
        "scene_id": 10,
        "image_id": 4,
        "category_id": 1,
        "R": [
            [
                0.41977625366209725,
                0.8834672544117462,
                -0.20802293488025334
            ],
            [
                0.8007869416417187,
                -0.46838877531855017,
                -0.37329923151161876
            ],
            [
                -0.42723322693219073,
                -0.009879884017926235,
                -0.9040874596526496
            ]
        ],
        "t": [
            -145.60044730267958,
            -335.46757209740974,
            1839.4763806991616
        ]
    },
    {
        "scene_id": 10,
        "image_id": 4,
        "category_id": 1,
        "R": [
            [
                0.42087864888039955,
                0.8822672381131909,
                -0.21086895850584583
            ],
            [
                0.8003440864998927,
                -0.47058510585718694,
                -0.37148228537240663
            ],
            [
                -0.4269784131761976,
                -0.012418748528224752,
                -0.9041765238994045
            ]
        ],
        "t": [
            -88.6431347165641,
            264.3894915584794,
            1976.7593181719976
        ]
    },
    {
        "scene_id": 10,
        "image_id": 4,
        "category_id": 1,
        "R": [
            [
                0.41980516458154954,
                0.8834472271382179,
                -0.20804964514524174
            ],
            [
                0.8007722170207738,
                -0.468426252675729,
                -0.3732837918357596
            ],
            [
                -0.4272324185663806,
                -0.009893899027683553,
                -0.9040876883866036
            ]
        ],
        "t": [
            -200.0279430919304,
            -282.37537568942736,
            1814.368002937551
        ]
    }
]