[
    {
        "scene_id": 14,
        "image_id": 0,
        "category_id": 0,
        "R": [
            [
                -0.3986146672748658,
                0.06955113636889262,
                0.9144774577078173
            ],
            [
                0.8832544943195659,
                -0.23934243264218297,
                0.4032081164816556
            ],
            [
                0.24691681302251312,
                0.9684409265276087,
                0.033974053002755175
            ]
        ],
        "t": [
            351.96548349342845,
            -431.3399301150198,
            1968.2343336178897
        ]
    },
    {
        "scene_id": 14,
        "image_id": 0,
        "category_id": 0,
        "R": [
            [
                -0.3753786599497779,
                0.13265630589488778,
                0.9173293848739613
            ],
            [
                0.9250395235379981,
                -0.008577620067525688,
                0.37977413198116206
            ],
            [
                0.058247920830300705,
                0.9911249717117957,
                -0.1194924565507016
            ]
        ],
        "t": [
            286.8475032643272,
            10.375924979814442,
            1918.758732978048
        ]
    },
    {
        "scene_id": 14,
        "image_id": 0,
        "category_id": 0,
        "R": [
            [
                -0.13726638860208423,
                0.0019880352168021105,
                0.9905321905262479
            ],
            [
                0.9855373021193384,
                -0.10004455702662356,
                0.13677499675070923
            ],
            [
                0.09936925093525972,
                0.9949809617053872,
                0.011773479378245182
            ]
        ],
        "t": [
            -131.99245245805568,
            -74.522615393678,
            1771.3993832364026
        ]
    },
    {
        "scene_id": 14,
        "image_id": 0,
        "category_id": 0,
        "R": [
            [
                -0.11503309742565457,
                0.0419282555608748,
                0.9924764189011698
            ],
            [
                0.9867268676398171,
                -0.11045940221892822,
                0.11903317241267582
            ],
            [
                0.11461918752168757,
                0.9929958322872592,
                -0.02866523881433979
            ]
        ],
        "t": [
            258.08951436687823,
            -60.79216335948837,
            1922.6166882556818
        ]
    },
    {
        "scene_id": 14,
        "image_id": 0,
        "category_id": 0,
        "R": [
            [
                0.9199308100487249,
                -0.037022790218291725,
                0.3903289022352279
            ],
            [
                0.38493811941292916,
                -0.10387511483827226,
                -0.9170783454730829
            ],
            [
                0.0744982586599152,
                0.9939010276925666,
                -0.08130641802823485
            ]
        ],
        "t": [
            -33.97572496955428,
            249.1330468053581,
            1989.4499972670628
        ]
    },
    {
        "scene_id": 14,
        "image_id": 0,
        "category_id": 0,
        "R": [
            [
                -0.013131650647800131,
                -0.03523760719701481,
                0.9992927023564728
            ],
            [
                0.9998145390363591,
                -0.014545404150540417,
                0.012625598801037669
            ],
            [
                0.014090210713305731,
                0.9992730952778622,
                0.03542208379157142
            ]
        ],
        "t": [
            451.6877287445082,
            -95.60377206836694,
            1996.5493368741427
        ]
    },
    {
        "scene_id": 14,
        "image_id": 0,
        "category_id": 0,
        "R": [
            [
                0.47815181912579524,
                -0.14586513697264347,
                0.8660798080288291
            ],
            [
                0.8200187361469913,
                -0.279023438338006,
                -0.4997151991098548
            ],
            [
                0.31454756669214773,
                0.9491413336659931,
                -0.013803406067709653
            ]
        ],
        "t": [
            539.5480330143017,
            -370.54365046581836,
            2098.397161670323
        ]
    }
]