[
    {
        "scene_id": 6,
        "image_id": 0,
        "category_id": 1,
        "R": [
            [
                0.41968054541446503,
                0.8835474343151376,
                -0.2078755256455128
            ],
            [
                0.8008283156861281,
                -0.4682399112598669,
                -0.37339703812364067
            ],
            [
                -0.4272495976999037,
                -0.009765131708940234,
                -0.9040809320478287
            ]
        ],
        "t": [
            -34.854048314284114,
            -240.95308537862513,
            1691.2476207835336
        ]
    },
    {
        "scene_id": 6,
        "image_id": 0,
        "category_id": 1,
        "R": [
            [
                0.4197501411695425,
                0.8834951430753117,
                -0.2079572412711987
            ],
            [
                0.8007974175196286,
                -0.4683373870812785,
                -0.3733410528412474
            ],
            [
                -0.42723914290143283,
                -0.009821659375663202,
                -0.9040852603623462
            ]
        ],
        "t": [
            102.93613458830791,
            -136.99197588254074,
            1725.3753694657637
        ]
    },
    {
        "scene_id": 6,
        "image_id": 0,
        "category_id": 1,
        "R": [
            [
                0.4196799939462634,
                0.8835591832888919,
                -0.20782669547912935
            ],
            [
                0.8008277277761153,
                -0.46821879468458055,
                -0.37342477757896536
            ],
            [
                -0.42725124136146436,
                -0.009714469170764801,
                -0.9040807010816634
            ]
        ],
        "t": [
            -278.6730910901834,
            -61.994587846787596,
            1634.8006914690425
        ]
    },
    {
        "scene_id": 6,
        "image_id": 0,
        "category_id": 1,
        "R": [
            [
                0.419778252860453,
                0.8834632347917679,
                -0.20803604073173113
            ],
            [
                0.8007862757203386,
                -0.4683960778326639,
                -0.37329131877096117
            ],
            [
                -0.42723240653197,
                -0.009892825912731015,
                -0.9040876677783272
            ]
        ],
        "t": [
            25.75254042347143,
            -459.92316088815227,
            1763.3376708706642
        ]
    }
]