[
    {
        "scene_id": 14,
        "image_id": 5,
        "category_id": 1,
        "R": [
            [
                0.31792666713211093,
                0.8720777988338585,
                -0.37202548390533746
            ],
            [
                0.8987400808078966,
                -0.40217502084975326,
                -0.1747043382070004
            ],
            [
                -0.3019750880237858,
                -0.2788110331052051,
                -0.9116333696393675
            ]
        ],
        "t": [
            49.86153311066363,
            -30.90601336225882,
            1680.3869412084234
        ]
    },
    {
        "scene_id": 14,
        "image_id": 5,
        "category_id": 1,
        "R": [
            [
                0.3179815217448742,
                0.8719956266248104,
                -0.37217118714868136
            ],
            [
                0.8987193214749409,
                -0.4022565437789936,
                -0.17462342405596815
            ],
            [
                -0.3019791140869899,
                -0.27895040228155793,
                -0.9115894000757064
            ]
        ],
        "t": [
            34.650033405547504,
            -36.884614640931545,
            1700.1283401943151
        ]
    },
    {
        "scene_id": 14,
        "image_id": 5,
        "category_id": 1,
        "R": [
            [
                0.3179574736066987,
                0.8720349602181156,
                -0.37209956557711205
            ],
            [
                0.8987281833545325,
                -0.40221947555881055,
                -0.1746631957794389
            ],
            [
                -0.30197806167244595,
                -0.27888088574889036,
                -0.9116110181654559
            ]
        ],
        "t": [
            136.50658867066136,
            -32.20105816296814,
            1687.3592182451912
        ]
    },
    {
        "scene_id": 14,
        "image_id": 5,
        "category_id": 1,
        "R": [
            [
                0.31796357489849214,
                0.8720257819892804,
                -0.3721158611929831
            ],
            [
                0.8987266180293553,
                -0.4022278740552487,
                -0.1746519092736804
            ],
            [
                -0.3019762960776297,
                -0.2788974716213308,
                -0.9116065289030445
            ]
        ],
        "t": [
            -52.40778391664509,
            -51.420298688227604,
            1692.6569800078692
        ]
    }
]