[
    {
        "scene_id": 12,
        "image_id": 0,
        "category_id": 1,
        "R": [
            [
                0.4198314180492564,
                0.8834160374272031,
                -0.20812909317963654
            ],
            [
                0.8007610120594547,
                -0.4684835540957566,
                -0.3732359148083155
            ],
            [
                -0.42722762225654726,
                -0.009965487008877944,
                -0.9040891686410001
            ]
        ],
        "t": [
            102.47218361226388,
            -205.17175544435977,
            1793.336524444994
        ]
    },
    {
        "scene_id": 12,
        "image_id": 0,
        "category_id": 1,
        "R": [
            [
                0.41953882827967515,
                0.883724990291834,
                -0.20740623735081698
            ],
            [
                0.8008837283468726,
                -0.46791356410835355,
                -0.37368735219178123
            ],
            [
                -0.42728501551215514,
                -0.009331913914303368,
                -0.9040688070637958
            ]
        ],
        "t": [
            201.1491548162852,
            -238.03191213322935,
            1791.5693834754172
        ]
    },
    {
        "scene_id": 12,
        "image_id": 0,
        "category_id": 1,
        "R": [
            [
                0.419794729705135,
                0.8834482133085156,
                -0.2080665122175926
            ],
            [
                0.8007792400282485,
                -0.4684238864714214,
                -0.37327169504030716
            ],
            [
                -0.42722950844742313,
                -0.009917840302772683,
                -0.9040888012578101
            ]
        ],
        "t": [
            -68.92067186135768,
            -92.84010865614046,
            1762.3024975198653
        ]
    }
]