[
    {
        "scene_id": 12,
        "image_id": 4,
        "category_id": 0,
        "R": [
            [
                0.8876189546706408,
                -0.10587304367231722,
                0.44824493764633644
            ],
            [
                0.44136272055970194,
                -0.08265671361761959,
                -0.8935137959704639
            ],
            [
                0.13164947360253365,
                0.9909383149978171,
                -0.026639237484298577
            ]
        ],
        "t": [
            29.08697047217069,
            -133.97144150414286,
            1763.341235843741
        ]
    },
    {
        "scene_id": 12,
        "image_id": 4,
        "category_id": 0,
        "R": [
            [
                0.8970594222888089,
                -0.09668865847711088,
                0.43120265583293144
            ],
            [
                0.43007538233955916,
                -0.033290526835381334,
                -0.9021790250964487
            ],
            [
                0.10158544059746158,
                0.9947577697967218,
                0.011719841805802999
            ]
        ],
        "t": [
            182.69704964094808,
            -345.94548151719334,
            1794.4399473231338
        ]
    },
    {
        "scene_id": 12,
        "image_id": 4,
        "category_id": 0,
        "R": [
            [
                -0.951786111407793,
                0.05085825091455405,
                -0.3025172237042928
            ],
            [
                -0.2874555680231545,
                0.19646475310743075,
                0.9374278554610994
            ],
            [
                0.10710989862055226,
                0.9791910018664807,
                -0.17237293431828052
            ]
        ],
        "t": [
            189.4439185062398,
            -240.02039125221256,
            1788.699399433949
        ]
    },
    {
        "scene_id": 12,
        "image_id": 4,
        "category_id": 0,
        "R": [
            [
                0.5893305796351429,
                0.03046201634253367,
                0.8073175135347074
            ],
            [
                0.8078919497091939,
                -0.02267206066252106,
                -0.5888944406732557
            ],
            [
                0.0003646381667706442,
                0.999278750545356,
                -0.03797134119044738
            ]
        ],
        "t": [
            7.779384554241574,
            -481.4545736521086,
            1754.824114228768
        ]
    }
]