[
    {
        "scene_id": 14,
        "image_id": 1,
        "category_id": 14,
        "R": [
            [
                0.7009692343129565,
                -0.5783238709172759,
                0.41735312730823715
            ],
            [
                0.5364137316428081,
                0.8131696331672778,
                0.22586601382154206
            ],
            [
                -0.47000259685638435,
                0.06554882166640134,
                0.880227760824664
            ]
        ],
        "t": [
            -148.92170216391264,
            -210.02111626473157,
            1974.472711226087
        ]
    },
    {
        "scene_id": 14,
        "image_id": 1,
        "category_id": 14,
        "R": [
            [
                0.8381897082309973,
                -0.3566054420783547,
                -0.41263854848491527
            ],
            [
                -0.15718433669839377,
                -0.8824623111917524,
                0.4433433811649795
            ],
            [
                -0.522236629615658,
                -0.3067455427650285,
                -0.7957236170187897
            ]
        ],
        "t": [
            -308.20244624763814,
            -173.2371733784089,
            2086.641500633563
        ]
    },
    {
        "scene_id": 14,
        "image_id": 1,
        "category_id": 14,
        "R": [
            [
                0.8140321844356406,
                -0.012146646596575689,
                -0.5806927429195212
            ],
            [
                -0.09186997188379759,
                -0.9898881827274649,
                -0.1080800349860574
            ],
            [
                -0.5735080740225106,
                0.1413288529387227,
                -0.8069167518139747
            ]
        ],
        "t": [
            -71.9562656883495,
            -180.28101586991903,
            1925.0107464942175
        ]
    },
    {
        "scene_id": 14,
        "image_id": 1,
        "category_id": 14,
        "R": [
            [
                0.8333074028417572,
                -0.45661013861630456,
                -0.3116182820084942
            ],
            [
                0.06473271446788839,
                -0.47922303856608267,
                0.8753027790342666
            ],
            [
                -0.5490067832429262,
                -0.7495681827694466,
                -0.3697824919232452
            ]
        ],
        "t": [
            -241.273722148675,
            -321.7830635302795,
            2040.6366354713841
        ]
    },
    {
        "scene_id": 14,
        "image_id": 1,
        "category_id": 14,
        "R": [
            [
                0.5916068719688257,
                -0.6543250048689798,
                0.47102027243258976
            ],
            [
                0.7107530770639883,
                0.6990595488709724,
                0.07839522036696768
            ],
            [
                -0.38056717210412955,
                0.2883999568923725,
                0.8786319436380308
            ]
        ],
        "t": [
            -107.57763827433814,
            -329.2045649575373,
            1975.0597618608426
        ]
    },
    {
        "scene_id": 14,
        "image_id": 1,
        "category_id": 14,
        "R": [
            [
                0.6153234324707624,
                -0.7478332887350257,
                0.2492437475888914
            ],
            [
                0.6840074685472954,
                0.663698899902898,
                0.3027169523485642
            ],
            [
                -0.3918046151130936,
                -0.015784249346687894,
                0.9199130399383638
            ]
        ],
        "t": [
            -168.43052609531037,
            -81.08858221939181,
            2016.8446627713479
        ]
    }
]