[
    {
        "scene_id": 13,
        "image_id": 5,
        "category_id": 0,
        "R": [
            [
                -0.5860628968618669,
                0.12106181660311084,
                0.8011706133372841
            ],
            [
                0.808715404726767,
                0.026261844473370283,
                0.5876136457553995
            ],
            [
                0.050097341454180516,
                0.9922975016533827,
                -0.1132956380270648
            ]
        ],
        "t": [
            407.39245366048533,
            -402.8366235447679,
            1832.653166591325
        ]
    },
    {
        "scene_id": 13,
        "image_id": 5,
        "category_id": 0,
        "R": [
            [
                -0.5098645118425478,
                0.17665138878249984,
                0.8419219088474793
            ],
            [
                0.8195392811554294,
                -0.19778221617100658,
                0.5378081894181242
            ],
            [
                0.26152171399106267,
                0.964197319737034,
                -0.04393061264514804
            ]
        ],
        "t": [
            463.73249896798376,
            -363.2757747482619,
            1834.3488099643228
        ]
    },
    {
        "scene_id": 13,
        "image_id": 5,
        "category_id": 0,
        "R": [
            [
                0.7189523178299801,
                0.0032804817940514115,
                0.695051679602824
            ],
            [
                0.6948241977194957,
                -0.02940680095139915,
                -0.7185782221280698
            ],
            [
                0.01808196310607779,
                0.9995621322142654,
                -0.02342143159123936
            ]
        ],
        "t": [
            444.06589027147265,
            -155.2610349662926,
            1771.5213708598253
        ]
    },
    {
        "scene_id": 13,
        "image_id": 5,
        "category_id": 0,
        "R": [
            [
                -0.7554176105395978,
                0.05477412611345636,
                0.6529502760453973
            ],
            [
                0.6512609563584524,
                -0.046939312242602074,
                0.7574007886744898
            ],
            [
                0.0721349854578358,
                0.9973948442362833,
                -0.0002134669985856278
            ]
        ],
        "t": [
            83.17767448580773,
            -33.564319929922874,
            1732.366286303897
        ]
    },
    {
        "scene_id": 13,
        "image_id": 5,
        "category_id": 0,
        "R": [
            [
                -0.5834461239997804,
                0.11148908369221593,
                0.8044630748516128
            ],
            [
                0.8049461475872691,
                -0.05227291762083008,
                0.5910408856951386
            ],
            [
                0.10794621877971186,
                0.992389896798692,
                -0.05924427050209301
            ]
        ],
        "t": [
            552.9427521287867,
            18.37890788388475,
            1750.2619040954871
        ]
    },
    {
        "scene_id": 13,
        "image_id": 5,
        "category_id": 0,
        "R": [
            [
                0.9072697289173239,
                -0.17456378908332773,
                0.3826083594535873
            ],
            [
                0.3807816354785536,
                -0.04519844675207824,
                -0.9235597075928286
            ],
            [
                0.17851337789999663,
                0.9836079302574667,
                0.02546351212297119
            ]
        ],
        "t": [
            434.80895199772397,
            -456.1727162717705,
            1844.0764858416799
        ]
    },
    {
        "scene_id": 13,
        "image_id": 5,
        "category_id": 0,
        "R": [
            [
                0.9851978396427642,
                0.059860631517029396,
                -0.16062987191124092
            ],
            [
                -0.1617330245867967,
                0.014031512290588966,
                -0.9867348338922264
            ],
            [
                -0.05681267564852337,
                0.9981081101560836,
                0.02350526176388046
            ]
        ],
        "t": [
            361.0214563692812,
            -442.16215560016894,
            1834.3016714587461
        ]
    },
    {
        "scene_id": 13,
        "image_id": 5,
        "category_id": 0,
        "R": [
            [
                0.4049681066932814,
                -0.05744684178016072,
                0.9125243707010532
            ],
            [
                0.8948273128485719,
                -0.18013608767501965,
                -0.4084545961215468
            ],
            [
                0.1878429792389867,
                0.9819627452066445,
                -0.0215443538110072
            ]
        ],
        "t": [
            -62.784010617753694,
            -438.33394496255926,
            1831.5626616880013
        ]
    },
    {
        "scene_id": 13,
        "image_id": 5,
        "category_id": 0,
        "R": [
            [
                -0.9888899982215721,
                0.09047865861506865,
                0.11794158700461016
            ],
            [
                0.12170804117024489,
                0.03728710877074501,
                0.991865369508128
            ],
            [
                0.08534493099857153,
                0.9952001117948646,
                -0.04788483309587832
            ]
        ],
        "t": [
            420.67399067499855,
            -379.94471455372275,
            1905.509672738309
        ]
    }
]