[
    {
        "scene_id": 11,
        "image_id": 0,
        "category_id": 0,
        "R": [
            [
                -0.674074835576487,
                0.05675101302340102,
                0.7364797843498213
            ],
            [
                0.7380317482790605,
                0.010529952417721455,
                0.6746838857047862
            ],
            [
                0.030533882172378075,
                0.9983328206050318,
                -0.04898202064601822
            ]
        ],
        "t": [
            437.0275630544123,
            72.98757525858827,
            1825.1484391541385
        ]
    },
    {
        "scene_id": 11,
        "image_id": 0,
        "category_id": 0,
        "R": [
            [
                0.6375134755878356,
                0.006206494883895389,
                0.7704142275800615
            ],
            [
                0.7682992399394052,
                -0.07960103684678302,
                -0.6351220668792127
            ],
            [
                0.05738388473300772,
                0.9968074706379068,
                -0.05551516241252234
            ]
        ],
        "t": [
            69.08030431240945,
            -341.45222047055097,
            1708.288644272402
        ]
    },
    {
        "scene_id": 11,
        "image_id": 0,
        "category_id": 0,
        "R": [
            [
                -0.050727509990093934,
                0.11528505172111235,
                0.9920363454896569
            ],
            [
                0.9900590488473668,
                -0.12467256126983095,
                0.0651146623836844
            ],
            [
                0.1311864409612078,
                0.9854775964080653,
                -0.10781466361305066
            ]
        ],
        "t": [
            456.77523437443966,
            -136.22438577609614,
            1848.5191857844763
        ]
    },
    {
        "scene_id": 11,
        "image_id": 0,
        "category_id": 0,
        "R": [
            [
                0.20741951790686897,
                0.004838057402806967,
                0.9782401397328052
            ],
            [
                0.9739384897274569,
                -0.094826496306969,
                -0.20603844500728227
            ],
            [
                0.09176624622757588,
                0.9954820482987182,
                -0.02438082386979643
            ]
        ],
        "t": [
            474.88258733426653,
            129.35388816376337,
            1845.7561444141948
        ]
    },
    {
        "scene_id": 11,
        "image_id": 0,
        "category_id": 0,
        "R": [
            [
                -0.7490144764909232,
                -0.028886194057290353,
                -0.6619236632667859
            ],
            [
                -0.6625228030817673,
                0.023010224437612133,
                0.7486882875826779
            ],
            [
                -0.00639574399541613,
                0.9993178140859046,
                -0.03637276334836456
            ]
        ],
        "t": [
            505.7842775765958,
            -164.59827554758158,
            1889.5019647670183
        ]
    },
    {
        "scene_id": 11,
        "image_id": 0,
        "category_id": 0,
        "R": [
            [
                -0.0026951784084554755,
                0.02865317663893976,
                0.999585797055187
            ],
            [
                0.9993091711343287,
                -0.036975295654234165,
                0.003754329977122278
            ],
            [
                0.03706754268673675,
                0.9989053014888918,
                -0.0285337158609775
            ]
        ],
        "t": [
            74.6331258714965,
            8.654423113208367,
            1677.4883176918008
        ]
    },
    {
        "scene_id": 11,
        "image_id": 0,
        "category_id": 0,
        "R": [
            [
                -0.9133960154179368,
                -0.0470006715800196,
                -0.40434971260317704
            ],
            [
                -0.4062851403932177,
                0.1669952411411995,
                0.8983568673569151
            ],
            [
                0.025301094806940556,
                0.9848367899683166,
                -0.1716284613074227
            ]
        ],
        "t": [
            482.972410067039,
            -315.2093629933353,
            1891.5791462405348
        ]
    },
    {
        "scene_id": 11,
        "image_id": 0,
        "category_id": 0,
        "R": [
            [
                0.9728238652651058,
                -0.0982351982654903,
                -0.20967500372006262
            ],
            [
                -0.18296073913206956,
                0.2288730161541243,
                -0.9561080469320585
            ],
            [
                0.14191241443179642,
                0.9684869468115705,
                0.20467993914896038
            ]
        ],
        "t": [
            403.5960825741333,
            23.26286805136141,
            1803.941083209915
        ]
    },
    {
        "scene_id": 11,
        "image_id": 0,
        "category_id": 0,
        "R": [
            [
                0.988745433095348,
                -0.10051812653873478,
                -0.11080888485515919
            ],
            [
                -0.1075971953426065,
                0.03684588090120452,
                -0.9935116061780519
            ],
            [
                0.1039487789321608,
                0.9942527156407444,
                0.02561573352060866
            ]
        ],
        "t": [
            222.633964827843,
            -117.21361241782957,
            1764.0893637484387
        ]
    },
    {
        "scene_id": 11,
        "image_id": 0,
        "category_id": 0,
        "R": [
            [
                -0.15668200790179845,
                0.06095649698209235,
                0.9857662441310014
            ],
            [
                0.9876472698383606,
                0.007725045382720013,
                0.15650329405524116
            ],
            [
                0.0019247936287974466,
                0.9981105186161163,
                -0.06141388118036088
            ]
        ],
        "t": [
            155.02681025561276,
            88.47194757026426,
            2297.2647366197207
        ]
    },
    {
        "scene_id": 11,
        "image_id": 0,
        "category_id": 0,
        "R": [
            [
                0.43255512273789976,
                0.11025461498106262,
                0.8948407790557972
            ],
            [
                0.8968388190781896,
                -0.15455959668317817,
                -0.414477442888084
            ],
            [
                0.09260816876264644,
                0.981812220286853,
                -0.1657361402293121
            ]
        ],
        "t": [
            397.915163789863,
            26.268363143755636,
            1822.8487134137813
        ]
    },
    {
        "scene_id": 11,
        "image_id": 0,
        "category_id": 0,
        "R": [
            [
                -0.9705704053624772,
                -0.11347742348787802,
                -0.21240526543774405
            ],
            [
                -0.19929344012229838,
                -0.1166425886735203,
                0.9729731333532461
            ],
            [
                -0.13518598189163442,
                0.9866698332978722,
                0.09059452171199664
            ]
        ],
        "t": [
            353.90989832016203,
            -490.0181772429972,
            1847.871551473838
        ]
    },
    {
        "scene_id": 11,
        "image_id": 0,
        "category_id": 0,
        "R": [
            [
                -0.6195228503295712,
                -0.08930075541646372,
                0.7798825855179621
            ],
            [
                0.7739737379048524,
                0.09628662249238909,
                0.6258543172001557
            ],
            [
                -0.1309815262865773,
                0.9913396172089157,
                0.00946467791319274
            ]
        ],
        "t": [
            435.12374735218106,
            -376.3833979988034,
            1893.093059173931
        ]
    },
    {
        "scene_id": 11,
        "image_id": 0,
        "category_id": 0,
        "R": [
            [
                -0.8546369194835822,
                -0.02744493861650146,
                0.5185002848529194
            ],
            [
                0.5163685705541963,
                0.05969825163211668,
                0.8542831527610497
            ],
            [
                -0.05439931756721073,
                0.997839100266387,
                -0.036848625918353084
            ]
        ],
        "t": [
            517.2256596999875,
            -431.4339979137702,
            1867.8941094722863
        ]
    },
    {
        "scene_id": 11,
        "image_id": 0,
        "category_id": 0,
        "R": [
            [
                -0.9032653758630953,
                0.07365336857855893,
                0.4227137048364303
            ],
            [
                0.42674975891704453,
                0.0516206677012045,
                0.9028953632208996
            ],
            [
                0.04468050604798283,
                0.9959470197019336,
                -0.078058717196827
            ]
        ],
        "t": [
            412.8383918698433,
            -54.7767042088912,
            1617.1246277344128
        ]
    },
    {
        "scene_id": 11,
        "image_id": 0,
        "category_id": 0,
        "R": [
            [
                0.2425281547469611,
                -0.04658981328493469,
                0.9690250345815209
            ],
            [
                0.9588833671761271,
                -0.1402353665140056,
                -0.2467322782433001
            ],
            [
                0.14738677515877643,
                0.9890214416519415,
                0.010663182699969399
            ]
        ],
        "t": [
            526.6411965232815,
            -418.30993092849377,
            1927.2252729049846
        ]
    }
]