[
    {
        "scene_id": 14,
        "image_id": 2,
        "category_id": 0,
        "R": [
            [
                0.13878072644208944,
                0.6338207361837718,
                0.7609278612602526
            ],
            [
                0.9512456872403573,
                -0.29902896634799164,
                0.07558691521668871
            ],
            [
                0.27544802069332935,
                0.7133393323081773,
                -0.6444186916849347
            ]
        ],
        "t": [
            356.0853170535627,
            -432.49787535775636,
            2017.4997211963532
        ]
    },
    {
        "scene_id": 14,
        "image_id": 2,
        "category_id": 0,
        "R": [
            [
                -0.50954396568269,
                0.7074059130571281,
                0.4898385927002919
            ],
            [
                0.6349173242100383,
                -0.07510381237290226,
                0.7689209782191685
            ],
            [
                0.5807279842007649,
                0.7028060456880008,
                -0.4108755721933137
            ]
        ],
        "t": [
            262.7547968030999,
            -457.03731913082794,
            2044.2268916791613
        ]
    },
    {
        "scene_id": 14,
        "image_id": 2,
        "category_id": 0,
        "R": [
            [
                -0.1731798276976277,
                0.7506309134181716,
                0.6376221489174096
            ],
            [
                0.8993100046829398,
                -0.14344039831785232,
                0.41311793663322
            ],
            [
                0.40155986238129254,
                0.6449636642204747,
                -0.6502089003345675
            ]
        ],
        "t": [
            -123.63888541101846,
            -480.1222570895253,
            2181.328797172846
        ]
    },
    {
        "scene_id": 14,
        "image_id": 2,
        "category_id": 0,
        "R": [
            [
                0.6524785158172528,
                0.5276763229606942,
                0.543902114607059
            ],
            [
                0.6660054387180342,
                -0.056878216293875974,
                -0.7437752927260548
            ],
            [
                -0.36153642683836107,
                0.8475391564128315,
                -0.388547108766296
            ]
        ],
        "t": [
            168.8216069450466,
            -78.62373945969365,
            2078.3296986177647
        ]
    },
    {
        "scene_id": 14,
        "image_id": 2,
        "category_id": 0,
        "R": [
            [
                0.11627468068532476,
                0.6226291144818057,
                0.7738302204757593
            ],
            [
                0.9907303184271827,
                -0.12780688071648466,
                -0.046031503898935504
            ],
            [
                0.0702402689858784,
                0.7720093510634314,
                -0.6317182376646114
            ]
        ],
        "t": [
            128.86474427249118,
            18.362914933078883,
            2071.0605658329214
        ]
    },
    {
        "scene_id": 14,
        "image_id": 2,
        "category_id": 0,
        "R": [
            [
                0.5040348757234502,
                0.4925456984973662,
                0.7094699462532729
            ],
            [
                0.8636468188399102,
                -0.2798783010902669,
                -0.41926408246716246
            ],
            [
                -0.007941478989404411,
                0.8240551735005203,
                -0.5664539427465924
            ]
        ],
        "t": [
            440.8678938925125,
            -406.07022937846153,
            1983.1231707047723
        ]
    },
    {
        "scene_id": 14,
        "image_id": 2,
        "category_id": 0,
        "R": [
            [
                0.09437890473575551,
                0.6434644744685857,
                0.7596355166316148
            ],
            [
                0.9858875338908389,
                -0.16638893892072487,
                0.01845409125310248
            ],
            [
                0.13826949576708822,
                0.7471735015126326,
                -0.650087202221624
            ]
        ],
        "t": [
            -232.17396317243288,
            -95.86057360193298,
            2203.3011712186
        ]
    },
    {
        "scene_id": 14,
        "image_id": 2,
        "category_id": 0,
        "R": [
            [
                0.6371815306591906,
                0.6337590704980417,
                0.43857629124099146
            ],
            [
                0.6311810366834326,
                -0.10254282150383492,
                -0.7688273737645936
            ],
            [
                -0.44227846782059843,
                0.7667036329046556,
                -0.46535509184679424
            ]
        ],
        "t": [
            393.78461675527797,
            -374.22465332505146,
            2009.0192809243754
        ]
    },
    {
        "scene_id": 14,
        "image_id": 2,
        "category_id": 0,
        "R": [
            [
                -0.47162970557122086,
                0.7022480710811068,
                0.5333039407093318
            ],
            [
                0.7773492864449653,
                0.045593889786728604,
                0.6274148117777595
            ],
            [
                0.4162854335172366,
                0.7104708929111454,
                -0.5673954648057012
            ]
        ],
        "t": [
            183.73263539589243,
            -12.161217630056342,
            2048.7139583987696
        ]
    },
    {
        "scene_id": 14,
        "image_id": 2,
        "category_id": 0,
        "R": [
            [
                0.753670399938109,
                0.642333325093638,
                -0.13924386313843642
            ],
            [
                -0.23193522494197966,
                0.06169468616925047,
                -0.9707728256858519
            ],
            [
                -0.6149691228991186,
                0.7639382920379368,
                0.1954771832043831
            ]
        ],
        "t": [
            -156.82737552672165,
            -72.83833752355486,
            2154.425523838365
        ]
    },
    {
        "scene_id": 14,
        "image_id": 2,
        "category_id": 0,
        "R": [
            [
                0.574478855595901,
                0.5490849633771867,
                0.6070253480347683
            ],
            [
                0.782186723064371,
                -0.1497686369056533,
                -0.6047754522314428
            ],
            [
                -0.24115974713588936,
                0.8222378688603926,
                -0.5155258758665222
            ]
        ],
        "t": [
            362.5289166569223,
            -118.81969686770817,
            2005.1239665191627
        ]
    },
    {
        "scene_id": 14,
        "image_id": 2,
        "category_id": 0,
        "R": [
            [
                0.7313516017158037,
                0.6703271514909288,
                0.1256438232951378
            ],
            [
                0.21122099009537107,
                -0.047458264232956904,
                -0.9762855465792926
            ],
            [
                -0.6484678647438376,
                0.740546603053754,
                -0.17629583776931607
            ]
        ],
        "t": [
            -204.9574595063582,
            -282.382846119854,
            2159.460932694773
        ]
    }
]