[
    {
        "scene_id": 11,
        "image_id": 1,
        "category_id": 1,
        "R": [
            [
                0.06458885868777721,
                0.6766915968873761,
                -0.7334281067193004
            ],
            [
                0.8065868125983597,
                -0.46815133471508874,
                -0.36090456287972017
            ],
            [
                -0.5875764274608732,
                -0.5682630173259966,
                -0.5760478715753947
            ]
        ],
        "t": [
            -131.53359268619784,
            -39.816072774148864,
            2201.9510010517242
        ]
    },
    {
        "scene_id": 11,
        "image_id": 1,
        "category_id": 1,
        "R": [
            [
                0.0642750900488892,
                0.6774751356419857,
                -0.7327319967604217
            ],
            [
                0.8067141184088499,
                -0.4674927121541681,
                -0.3614733146486396
            ],
            [
                -0.5874360467258566,
                -0.5678715092217952,
                -0.5765768858842065
            ]
        ],
        "t": [
            -11.822211797566297,
            -77.30946004356647,
            2105.7533146433166
        ]
    },
    {
        "scene_id": 11,
        "image_id": 1,
        "category_id": 1,
        "R": [
            [
                0.06431899090480506,
                0.6773403690691199,
                -0.7328527256746271
            ],
            [
                0.8066982416548883,
                -0.4675954624540274,
                -0.36137583256745054
            ],
            [
                -0.587453044381818,
                -0.5679476685791007,
                -0.5764845459479109
            ]
        ],
        "t": [
            1.7825908754109605,
            -525.4209183088769,
            2168.3247890265693
        ]
    },
    {
        "scene_id": 11,
        "image_id": 1,
        "category_id": 1,
        "R": [
            [
                0.06430168312726416,
                0.6773904097556399,
                -0.7328079912286175
            ],
            [
                0.8067072165916874,
                -0.4675538564826019,
                -0.36140962901898654
            ],
            [
                -0.587442614456557,
                -0.5679222397297414,
                -0.5765202248451224
            ]
        ],
        "t": [
            -220.38224018624726,
            -376.7422640925781,
            2251.014588219277
        ]
    },
    {
        "scene_id": 11,
        "image_id": 1,
        "category_id": 1,
        "R": [
            [
                0.06431667768809843,
                0.6773449251964914,
                -0.7328487176574431
            ],
            [
                0.8066991678783635,
                -0.46759121750349913,
                -0.36137925759297984
            ],
            [
                -0.5874520257426157,
                -0.567945729754753,
                -0.5764874940698275
            ]
        ],
        "t": [
            -212.2817912013819,
            -511.32337809725607,
            2265.7772060796106
        ]
    }
]