[
    {
        "scene_id": 11,
        "image_id": 3,
        "category_id": 1,
        "R": [
            [
                0.31789536009689334,
                0.872123281363125,
                -0.3719456085248518
            ],
            [
                0.8987512810949877,
                -0.4021297417364707,
                -0.17475094155828505
            ],
            [
                -0.30197471263623127,
                -0.2787340662874801,
                -0.9116570297141927
            ]
        ],
        "t": [
            -228.39521865309774,
            -14.020633689817828,
            1858.2847934884994
        ]
    },
    {
        "scene_id": 11,
        "image_id": 3,
        "category_id": 1,
        "R": [
            [
                0.31786923949161106,
                0.8721579325133438,
                -0.37188667750635324
            ],
            [
                0.8987612717327963,
                -0.40209290928831143,
                -0.17478430927213645
            ],
            [
                -0.3019724744616137,
                -0.27867877537814384,
                -0.9116746741187123
            ]
        ],
        "t": [
            18.555321859022456,
            286.2133206847856,
            1905.595155765941
        ]
    },
    {
        "scene_id": 11,
        "image_id": 3,
        "category_id": 1,
        "R": [
            [
                0.31810265986300496,
                0.8718210781016221,
                -0.3724764678921975
            ],
            [
                0.8986758948141867,
                -0.40243098576238534,
                -0.1744449019394528
            ],
            [
                -0.30198077119355166,
                -0.2792442233636434,
                -0.9114988887297538
            ]
        ],
        "t": [
            -131.25377530640677,
            313.7275021178811,
            1932.1776565858095
        ]
    },
    {
        "scene_id": 11,
        "image_id": 3,
        "category_id": 1,
        "R": [
            [
                0.3178749455119559,
                0.8721494554798631,
                -0.3719016804070529
            ],
            [
                0.8987586138967961,
                -0.4021018210243973,
                -0.1747774742625691
            ],
            [
                -0.30197437850882897,
                -0.2786924463052073,
                -0.9116698644272598
            ]
        ],
        "t": [
            -116.41273841008149,
            -91.15105850663929,
            1838.273672777038
        ]
    },
    {
        "scene_id": 11,
        "image_id": 3,
        "category_id": 1,
        "R": [
            [
                0.3179716247903464,
                0.8720170148557037,
                -0.37212952744706396
            ],
            [
                0.8987226932393992,
                -0.4022391030189828,
                -0.17464624442980303
            ],
            [
                -0.30197950061789974,
                -0.27890868864743695,
                -0.9116020355460618
            ]
        ],
        "t": [
            -51.20441415691664,
            115.10578115018012,
            1871.2323002013386
        ]
    },
    {
        "scene_id": 11,
        "image_id": 3,
        "category_id": 1,
        "R": [
            [
                0.3179581669812826,
                0.8720334346891971,
                -0.37210254823328626
            ],
            [
                0.8987278973589646,
                -0.4022207563313928,
                -0.1746617179560722
            ],
            [
                -0.3019781827684441,
                -0.2788838087051694,
                -0.9116100838528273
            ]
        ],
        "t": [
            -236.61197059820384,
            -158.3751812724147,
            1866.2880851453224
        ]
    },
    {
        "scene_id": 11,
        "image_id": 3,
        "category_id": 1,
        "R": [
            [
                0.3179525199247671,
                0.8720414140904399,
                -0.3720886732383513
            ],
            [
                0.8987300461105461,
                -0.4022125783326531,
                -0.17466949385500763
            ],
            [
                -0.301977733618606,
                -0.2788706523450227,
                -0.9116142573849004
            ]
        ],
        "t": [
            4.744869228846653,
            -167.96344973546286,
            1868.689213589888
        ]
    },
    {
        "scene_id": 11,
        "image_id": 3,
        "category_id": 1,
        "R": [
            [
                0.3178790975774191,
                0.872153220314563,
                -0.37188930232791445
            ],
            [
                0.8987590490279712,
                -0.4021014509655717,
                -0.17477608805596906
            ],
            [
                -0.3019687126639208,
                -0.27868119818002723,
                -0.9116751795246104
            ]
        ],
        "t": [
            -232.5745656253133,
            198.33412165107234,
            1905.6690184643314
        ]
    }
]