[
    {
        "scene_id": 1,
        "image_id": 0,
        "category_id": 14,
        "R": [
            [
                0.9816942779399949,
                -0.1750094434626132,
                0.07515343876882052
            ],
            [
                -0.14918818347191598,
                -0.9518536366713719,
                -0.26780130744235414
            ],
            [
                0.11840283177450762,
                0.2516870061294203,
                -0.9605386095172784
            ]
        ],
        "t": [
            24.18237567356597,
            -153.25870097658856,
            1821.3817449532842
        ]
    },
    {
        "scene_id": 1,
        "image_id": 0,
        "category_id": 14,
        "R": [
            [
                0.8576926925491007,
                -0.1909900478803796,
                -0.4773741161379874
            ],
            [
                0.5099101381061618,
                0.43512656629038643,
                0.7420623439879521
            ],
            [
                0.06599163738254493,
                -0.8798793513425514,
                0.47059263793283307
            ]
        ],
        "t": [
            80.76728263863635,
            -339.5063229613146,
            1836.0905469077543
        ]
    },
    {
        "scene_id": 1,
        "image_id": 0,
        "category_id": 14,
        "R": [
            [
                0.953941892620265,
                0.2482800130377779,
                -0.16838022636291827
            ],
            [
                0.29065417573922214,
                -0.6259852285721739,
                0.7236453853475444
            ],
            [
                0.07426315122199033,
                -0.7392560643886552,
                -0.6693171562384879
            ]
        ],
        "t": [
            154.822203964155,
            -26.792093971904535,
            1871.3717817295833
        ]
    }
]