[
    {
        "scene_id": 11,
        "image_id": 2,
        "category_id": 1,
        "R": [
            [
                0.06429248227863131,
                0.6773600483099075,
                -0.7328368627235436
            ],
            [
                0.8067150498455288,
                -0.46755686941365115,
                -0.36138824576531864
            ],
            [
                -0.5874328643418453,
                -0.567955971127597,
                -0.5764969297978221
            ]
        ],
        "t": [
            -43.91577186153313,
            -35.79206267852064,
            1973.6346319748552
        ]
    },
    {
        "scene_id": 11,
        "image_id": 2,
        "category_id": 1,
        "R": [
            [
                0.06417129302235235,
                0.6777149226007554,
                -0.7325193202411286
            ],
            [
                0.8067595143931371,
                -0.46728097646668243,
                -0.3616457340118856
            ],
            [
                -0.5873850492841031,
                -0.5677596489900198,
                -0.576738979236632
            ]
        ],
        "t": [
            237.602418935865,
            -456.82971375288264,
            1906.4497670461817
        ]
    },
    {
        "scene_id": 11,
        "image_id": 2,
        "category_id": 1,
        "R": [
            [
                0.06427131193391883,
                0.6774507698091032,
                -0.732754855758582
            ],
            [
                0.806719279539588,
                -0.46749794077327705,
                -0.36145503365201015
            ],
            [
                -0.5874293723634176,
                -0.5678962723730505,
                -0.5765592958440497
            ]
        ],
        "t": [
            100.22769600579772,
            -21.117759782516856,
            1925.9327580848906
        ]
    },
    {
        "scene_id": 11,
        "image_id": 2,
        "category_id": 1,
        "R": [
            [
                0.06432509101790117,
                0.6773257399878498,
                -0.7328657109633961
            ],
            [
                0.8066952133901977,
                -0.46760851181974383,
                -0.36136570718258504
            ],
            [
                -0.5874565348963395,
                -0.5679543713601153,
                -0.5764743853591354
            ]
        ],
        "t": [
            266.14545496864025,
            -256.5856052635836,
            1885.6485327411485
        ]
    },
    {
        "scene_id": 11,
        "image_id": 2,
        "category_id": 1,
        "R": [
            [
                0.06418472714071886,
                0.6776402677986164,
                -0.7325872056964448
            ],
            [
                0.8067599315354758,
                -0.4673238361974807,
                -0.3615894176425057
            ],
            [
                -0.5873830085260475,
                -0.5678134780786489,
                -0.5766880618859629
            ]
        ],
        "t": [
            86.34144229764456,
            -426.1165819958005,
            1935.7548077529234
        ]
    },
    {
        "scene_id": 11,
        "image_id": 2,
        "category_id": 1,
        "R": [
            [
                0.06442658245213033,
                0.6770939429361496,
                -0.7330709608238151
            ],
            [
                0.8066529085355993,
                -0.46781203491256396,
                -0.36119668755752216
            ],
            [
                -0.5875035026767833,
                -0.5680631468109257,
                -0.5763193219843066
            ]
        ],
        "t": [
            -32.028465959896266,
            -387.13648479224827,
            1980.183649011263
        ]
    },
    {
        "scene_id": 11,
        "image_id": 2,
        "category_id": 1,
        "R": [
            [
                0.06424853226271447,
                0.6775176535120544,
                -0.7326950122472795
            ],
            [
                0.8067311619808094,
                -0.4674425936158874,
                -0.36150009118013793
            ],
            [
                -0.5874155457809762,
                -0.5678620406114115,
                -0.5766070973567295
            ]
        ],
        "t": [
            373.56249150149665,
            -515.6537681166828,
            1906.3546540098448
        ]
    },
    {
        "scene_id": 11,
        "image_id": 2,
        "category_id": 1,
        "R": [
            [
                0.06421402747442416,
                0.6775699138403255,
                -0.7326497090863829
            ],
            [
                0.8067461964049911,
                -0.46738581414971875,
                -0.3615399525338612
            ],
            [
                -0.5873986706622575,
                -0.5678464219326297,
                -0.5766396692191701
            ]
        ],
        "t": [
            87.20340843197118,
            -206.33119338885817,
            1929.8163734526902
        ]
    },
    {
        "scene_id": 11,
        "image_id": 2,
        "category_id": 1,
        "R": [
            [
                0.06415636753951946,
                0.6777618392388395,
                -0.7324772183939604
            ],
            [
                0.8067694278325301,
                -0.4672411069844907,
                -0.3616751307723298
            ],
            [
                -0.5873730636090395,
                -0.5677364560409229,
                -0.5767740163558822
            ]
        ],
        "t": [
            -99.57429541315355,
            -176.39041182734957,
            1987.0337286245788
        ]
    }
]