[
    {
        "scene_id": 11,
        "image_id": 5,
        "category_id": 0,
        "R": [
            [
                -0.0020558372685730284,
                0.2779541368318687,
                0.9605921532673566
            ],
            [
                0.9696375252606741,
                -0.2343483830888427,
                0.0698855563362721
            ],
            [
                0.24453820059250322,
                0.9315697951007246,
                -0.2690329569312413
            ]
        ],
        "t": [
            48.79193845406962,
            418.5792566609623,
            1948.6643325661503
        ]
    },
    {
        "scene_id": 11,
        "image_id": 5,
        "category_id": 0,
        "R": [
            [
                0.8793838442551357,
                0.054009434006245756,
                -0.47304021929326895
            ],
            [
                -0.4648200302043152,
                -0.11772553762684959,
                -0.8775438013830179
            ],
            [
                -0.10308456063634046,
                0.9915763320807502,
                -0.07842128297783778
            ]
        ],
        "t": [
            56.5829199060214,
            129.0902679528494,
            1889.1774340420727
        ]
    },
    {
        "scene_id": 11,
        "image_id": 5,
        "category_id": 0,
        "R": [
            [
                0.026688986780539443,
                0.20206744610310146,
                0.9790078951559269
            ],
            [
                0.956700201898084,
                -0.28912997573422505,
                0.03359563743286915
            ],
            [
                0.2898491130505181,
                0.9357203393572691,
                -0.20103453629945522
            ]
        ],
        "t": [
            108.93191466930722,
            408.0996043265835,
            1963.0105581215691
        ]
    },
    {
        "scene_id": 11,
        "image_id": 5,
        "category_id": 0,
        "R": [
            [
                -0.9432821774815606,
                0.2507562402957353,
                0.21757769914684166
            ],
            [
                0.17519600951511344,
                -0.1807092576600673,
                0.9678071132619129
            ],
            [
                0.28200195978866416,
                0.9510338690379253,
                0.12652834159309592
            ]
        ],
        "t": [
            -160.37077855932833,
            271.0877463286322,
            2318.650816864435
        ]
    },
    {
        "scene_id": 11,
        "image_id": 5,
        "category_id": 0,
        "R": [
            [
                -0.418469843659558,
                0.36223776055091716,
                0.8328666209821604
            ],
            [
                0.7419880085724883,
                -0.39248880042888173,
                0.5435130382124794
            ],
            [
                0.5237717433954058,
                0.8454207881608823,
                -0.10453132723811587
            ]
        ],
        "t": [
            101.79632910723899,
            382.25331251428867,
            1815.2356651138518
        ]
    },
    {
        "scene_id": 11,
        "image_id": 5,
        "category_id": 0,
        "R": [
            [
                -0.6480527006591851,
                0.2879871870708753,
                0.7050468713631609
            ],
            [
                0.7011515404260777,
                -0.13583127561728572,
                0.6999546184980484
            ],
            [
                0.297345370546874,
                0.9479521052477405,
                -0.11389681022272177
            ]
        ],
        "t": [
            177.39359621020162,
            173.6580515465381,
            1916.5426889248538
        ]
    },
    {
        "scene_id": 11,
        "image_id": 5,
        "category_id": 0,
        "R": [
            [
                -0.7824068272843527,
                0.3506674587779007,
                0.514657073730385
            ],
            [
                0.45415450994163015,
                -0.2441854588867654,
                0.8568064126757964
            ],
            [
                0.4261258786505888,
                0.9041049434270019,
                0.03179517924644732
            ]
        ],
        "t": [
            90.10817372376374,
            336.7588692786271,
            1571.198916838405
        ]
    }
]