[
    {
        "scene_id": 8,
        "image_id": 5,
        "category_id": 14,
        "R": [
            [
                0.9397969152418238,
                0.027500191503774474,
                -0.34062515698228774
            ],
            [
                -0.2910029436144238,
                -0.458173035991899,
                -0.8398778220060975
            ],
            [
                -0.17916206325473286,
                0.8884375096523232,
                -0.422586969194609
            ]
        ],
        "t": [
            -75.30928892157613,
            407.93089939140634,
            1691.9896881677548
        ]
    },
    {
        "scene_id": 8,
        "image_id": 5,
        "category_id": 14,
        "R": [
            [
                0.9373595197236397,
                0.02040832471277284,
                -0.3477651953055176
            ],
            [
                -0.2995260623714145,
                -0.462523567100854,
                -0.834479531107011
            ],
            [
                -0.17787992788322737,
                0.886372072077364,
                -0.4274380435777071
            ]
        ],
        "t": [
            -203.32531239078313,
            137.42024349678934,
            1672.8606175680682
        ]
    },
    {
        "scene_id": 8,
        "image_id": 5,
        "category_id": 14,
        "R": [
            [
                0.8606236390952351,
                -0.1835674893500892,
                -0.4750051880602777
            ],
            [
                0.5092391258660428,
                0.3131050609169576,
                0.8016487594422995
            ],
            [
                0.0015698782320475756,
                -0.9318090993770632,
                0.3629453647595509
            ]
        ],
        "t": [
            131.45005235479562,
            191.55710711444323,
            1694.0264823763753
        ]
    }
]