[
    {
        "scene_id": 8,
        "image_id": 2,
        "category_id": 14,
        "R": [
            [
                0.7095720871247047,
                -0.43818484475177233,
                0.5518165410744363
            ],
            [
                0.5209694190215974,
                0.8535390648874875,
                0.007869507944691663
            ],
            [
                -0.4744452735751403,
                0.2818955596330977,
                0.8339283997090835
            ]
        ],
        "t": [
            167.24292316160154,
            -171.99703578574074,
            1959.5288192397895
        ]
    },
    {
        "scene_id": 8,
        "image_id": 2,
        "category_id": 14,
        "R": [
            [
                0.8414884595111165,
                -0.5309443694968753,
                -0.09997624222370868
            ],
            [
                0.14023684680045365,
                0.035944753692452834,
                0.9894653109035484
            ],
            [
                -0.521757414234886,
                -0.8466439931763257,
                0.10470505961686544
            ]
        ],
        "t": [
            187.94666356625703,
            -440.0405493188957,
            1894.8460758531792
        ]
    },
    {
        "scene_id": 8,
        "image_id": 2,
        "category_id": 14,
        "R": [
            [
                0.7866606531251645,
                -0.16378021271805418,
                -0.5952655363337601
            ],
            [
                0.3082774522275452,
                -0.7311686900513227,
                0.6085699295370472
            ],
            [
                -0.534911234947242,
                -0.6622449611817837,
                -0.5246918925584372
            ]
        ],
        "t": [
            -151.18555596870078,
            -275.7975698933822,
            2058.294226767377
        ]
    },
    {
        "scene_id": 8,
        "image_id": 2,
        "category_id": 14,
        "R": [
            [
                0.8518377299421941,
                -0.3121097159685553,
                -0.42066614677789077
            ],
            [
                -0.11983448733181722,
                -0.8979163146411044,
                0.4235398299419539
            ],
            [
                -0.5099138922336306,
                -0.31037689524087736,
                -0.8022805029463097
            ]
        ],
        "t": [
            -55.83337901368145,
            10.114195191041972,
            2050.0489953425918
        ]
    },
    {
        "scene_id": 8,
        "image_id": 2,
        "category_id": 14,
        "R": [
            [
                0.6703836819306128,
                -0.6820063944109211,
                0.2923234458331555
            ],
            [
                0.6008333819991454,
                0.7301064657358519,
                0.32549008551132913
            ],
            [
                -0.4354135575250552,
                -0.042565557359416056,
                0.899223669200304
            ]
        ],
        "t": [
            158.29636854297564,
            -25.904717131187482,
            1969.0792644811488
        ]
    },
    {
        "scene_id": 8,
        "image_id": 2,
        "category_id": 14,
        "R": [
            [
                0.8597632218024558,
                -0.4900155937366753,
                -0.14384686416726095
            ],
            [
                -0.04926492518456213,
                -0.35993692038649305,
                0.931675040177232
            ],
            [
                -0.5083110952777053,
                -0.7939333292144757,
                -0.33360110788185166
            ]
        ],
        "t": [
            27.233207847933045,
            -494.5260421483236,
            1991.4713642161348
        ]
    }
]