[
    {
        "scene_id": 8,
        "image_id": 2,
        "category_id": 14,
        "R": [
            [
                0.850473857551548,
                -0.5173992750520618,
                -0.09482725239608207
            ],
            [
                0.5213476715296711,
                0.8530813644441337,
                0.021184688544461032
            ],
            [
                0.06993441936543003,
                -0.0674549910216895,
                0.9952683061236722
            ]
        ],
        "t": [
            330.8710477424608,
            -147.80902747638407,
            1838.2232084867367
        ]
    },
    {
        "scene_id": 8,
        "image_id": 2,
        "category_id": 14,
        "R": [
            [
                0.9825510806415692,
                0.1190846921213866,
                -0.1428713058400435
            ],
            [
                0.14116928587358643,
                0.022651558306329887,
                0.9897262953121111
            ],
            [
                0.12109750887622059,
                -0.9926256812155578,
                0.005445212146848383
            ]
        ],
        "t": [
            387.43586054078196,
            -416.36517733798775,
            1804.491282929474
        ]
    },
    {
        "scene_id": 8,
        "image_id": 2,
        "category_id": 14,
        "R": [
            [
                0.9482872697641203,
                0.2882647020665785,
                -0.13287104856129556
            ],
            [
                0.30862440322083895,
                -0.7395331466711357,
                0.5981987150698932
            ],
            [
                0.07417702973220441,
                -0.6082714743575903,
                -0.7902553902017696
            ]
        ],
        "t": [
            21.0369605407966,
            -253.023119475786,
            1716.3269673791297
        ]
    },
    {
        "scene_id": 8,
        "image_id": 2,
        "category_id": 14,
        "R": [
            [
                0.9829753737400068,
                -0.04835877045952082,
                0.1772592562895896
            ],
            [
                -0.11867019704332997,
                -0.90362681176392,
                0.41155311855831134
            ],
            [
                0.14027401382434393,
                -0.4255819714003604,
                -0.8939816478343335
            ]
        ],
        "t": [
            100.59069053298325,
            33.519556267541816,
            1766.0266340440082
        ]
    },
    {
        "scene_id": 8,
        "image_id": 2,
        "category_id": 14,
        "R": [
            [
                0.7955180332583925,
                -0.5032429322004955,
                -0.33748719968458957
            ],
            [
                0.6013195887829896,
                0.7242512047200483,
                0.3374536184535809
            ],
            [
                0.0746043625169123,
                -0.47138810300198086,
                0.8787647270126625
            ]
        ],
        "t": [
            318.01289861054886,
            -1.696515940404737,
            1838.0851092239566
        ]
    },
    {
        "scene_id": 8,
        "image_id": 2,
        "category_id": 14,
        "R": [
            [
                0.9881827477252403,
                0.11751764278154103,
                0.09840965772354221
            ],
            [
                -0.048027650704131994,
                -0.3723059988833904,
                0.9268665426927886
            ],
            [
                0.14556167718886917,
                -0.9206399115998128,
                -0.3622622686720938
            ]
        ],
        "t": [
            201.66191832053187,
            -471.0589344223243,
            1779.3801597741815
        ]
    }
]