[
    {
        "scene_id": 6,
        "image_id": 1,
        "category_id": 1,
        "R": [
            [
                0.3179715705539069,
                0.8720157916221953,
                -0.37213244822295755
            ],
            [
                0.8987223610738317,
                -0.40223991199687475,
                -0.1746458722544334
            ],
            [
                -0.30198047725622884,
                -0.27891133755016007,
                -0.9116008931534467
            ]
        ],
        "t": [
            204.95412312679287,
            10.970162950485815,
            1665.4765806214639
        ]
    },
    {
        "scene_id": 6,
        "image_id": 1,
        "category_id": 1,
        "R": [
            [
                0.31780872164575397,
                0.8722439120815622,
                -0.3717367264906143
            ],
            [
                0.8987837693579602,
                -0.4020054220615558,
                -0.17486962676432713
            ],
            [
                -0.30196914246274204,
                -0.2785358510746859,
                -0.9117194458398354
            ]
        ],
        "t": [
            -222.89705781344756,
            304.07632853352874,
            1743.0749759605508
        ]
    },
    {
        "scene_id": 6,
        "image_id": 1,
        "category_id": 1,
        "R": [
            [
                0.31802075005671365,
                0.8719466207052227,
                -0.3722524851676914
            ],
            [
                0.8987035549523625,
                -0.40231105005152606,
                -0.1745787762453167
            ],
            [
                -0.3019846576713977,
                -0.27902496572957586,
                -0.9115647351048518
            ]
        ],
        "t": [
            176.19132952382813,
            338.766511900641,
            1761.397819808984
        ]
    },
    {
        "scene_id": 6,
        "image_id": 1,
        "category_id": 1,
        "R": [
            [
                0.31795978604500424,
                0.8720318442525525,
                -0.37210490000418156
            ],
            [
                0.8987273142819275,
                -0.4022226948218768,
                -0.17466003586026532
            ],
            [
                -0.30197814430872644,
                -0.27888597712339036,
                -0.9116094247976326
            ]
        ],
        "t": [
            60.529225740717266,
            200.63972841530705,
            1725.6486331624087
        ]
    }
]