[
    {
        "scene_id": 12,
        "image_id": 2,
        "category_id": 1,
        "R": [
            [
                0.06430336025971484,
                0.6773894306174456,
                -0.7328087491545908
            ],
            [
                0.8067112934042971,
                -0.4675511976512,
                -0.3614039687515854
            ],
            [
                -0.5874368323376457,
                -0.5679255965204094,
                -0.5765228097349846
            ]
        ],
        "t": [
            -187.2206610892954,
            -421.42879625909376,
            2135.3095464626654
        ]
    },
    {
        "scene_id": 12,
        "image_id": 2,
        "category_id": 1,
        "R": [
            [
                0.06423569761711292,
                0.6775306474624346,
                -0.7326841219729078
            ],
            [
                0.8067355000890127,
                -0.4674258669570601,
                -0.3615120381897027
            ],
            [
                -0.5874109916249812,
                -0.567860305851831,
                -0.5766134452739479
            ]
        ],
        "t": [
            -162.3660501275208,
            -233.28116148425977,
            2137.352373791753
        ]
    },
    {
        "scene_id": 12,
        "image_id": 2,
        "category_id": 1,
        "R": [
            [
                0.06423446881273419,
                0.677579660688935,
                -0.7326389029579634
            ],
            [
                0.8067371485369835,
                -0.4673995020055809,
                -0.3615424465479192
            ],
            [
                -0.5874088620550705,
                -0.5678235247476061,
                -0.5766518350244311
            ]
        ],
        "t": [
            -187.78814277115612,
            -108.65391701843512,
            2157.9654639178907
        ]
    }
]