[
    {
        "scene_id": 12,
        "image_id": 4,
        "category_id": 0,
        "R": [
            [
                0.7766215603902827,
                0.539691864792966,
                0.3249487170365321
            ],
            [
                0.44019632652760865,
                -0.09591281498989268,
                -0.8927642398712083
            ],
            [
                -0.45065084704509867,
                0.8363811796585303,
                -0.31205833058133914
            ]
        ],
        "t": [
            -114.4499862875798,
            -157.37653208895432,
            2091.0876814922403
        ]
    },
    {
        "scene_id": 12,
        "image_id": 4,
        "category_id": 0,
        "R": [
            [
                0.7649848708252374,
                0.5496220124058907,
                0.33572878425572594
            ],
            [
                0.42931677569591215,
                -0.046595381688683525,
                -0.9019512395201049
            ],
            [
                -0.4800888399460057,
                0.8341130426068719,
                -0.2716067068889799
            ]
        ],
        "t": [
            22.92254951979635,
            -369.6374872974429,
            2016.4535610528671
        ]
    },
    {
        "scene_id": 12,
        "image_id": 4,
        "category_id": 0,
        "R": [
            [
                -0.6752984901304749,
                0.6564070434982213,
                -0.33630606322791595
            ],
            [
                -0.28952579712423615,
                0.18345056663487275,
                0.9394257630922319
            ],
            [
                0.6783412185065765,
                0.7317620720391437,
                0.06616287867576098
            ]
        ],
        "t": [
            25.391359215842613,
            -263.64065244159593,
            2008.8921739795776
        ]
    },
    {
        "scene_id": 12,
        "image_id": 4,
        "category_id": 0,
        "R": [
            [
                0.4649617504030944,
                0.6514515866663944,
                0.5995176616100331
            ],
            [
                0.8082302951484521,
                -0.035948499555656696,
                -0.5877682854190465
            ],
            [
                -0.3613508195339949,
                0.7578380992569627,
                -0.5432375777239418
            ]
        ],
        "t": [
            -139.09248913936608,
            -504.73044003920876,
            2094.1023779357147
        ]
    }
]