[
    {
        "scene_id": 8,
        "image_id": 5,
        "category_id": 14,
        "R": [
            [
                0.9381375986963584,
                -0.16273002478180837,
                -0.3056415955768165
            ],
            [
                -0.3383200745551212,
                -0.24280205376066652,
                -0.9091681306791498
            ],
            [
                0.07373854531551034,
                0.9563294943292892,
                -0.282836569790114
            ]
        ],
        "t": [
            49.998108428993476,
            20.414561320590963,
            1597.2996337009054
        ]
    },
    {
        "scene_id": 8,
        "image_id": 5,
        "category_id": 14,
        "R": [
            [
                0.935013984624865,
                -0.16956368710627348,
                -0.31144342113914997
            ],
            [
                -0.34628535679805317,
                -0.2474035894400232,
                -0.9049187342515554
            ],
            [
                0.07638913681392934,
                0.9539599676858135,
                -0.2900432378624
            ]
        ],
        "t": [
            -87.87280629709463,
            -245.33958684013578,
            1614.5152962921175
        ]
    },
    {
        "scene_id": 8,
        "image_id": 5,
        "category_id": 14,
        "R": [
            [
                0.8739037473005674,
                0.00908915453084852,
                -0.48601402008989525
            ],
            [
                0.4831348845389926,
                0.09400488387644595,
                0.8704847874310447
            ],
            [
                0.05359966227058882,
                -0.9955302451845903,
                0.07775993265936189
            ]
        ],
        "t": [
            239.91006628967858,
            -192.8024919984599,
            1686.9831154428884
        ]
    }
]