[
    {
        "scene_id": 6,
        "image_id": 1,
        "category_id": 1,
        "R": [
            [
                0.0643349435971508,
                0.6773023711589096,
                -0.7328864004369636
            ],
            [
                0.8066899413472758,
                -0.4676297614924483,
                -0.3613498505079033
            ],
            [
                -0.5874626064554981,
                -0.5679646754645,
                -0.5764579302664578
            ]
        ],
        "t": [
            68.57899678379249,
            -398.7348617512046,
            1875.522578317531
        ]
    },
    {
        "scene_id": 6,
        "image_id": 1,
        "category_id": 1,
        "R": [
            [
                0.06419090873507549,
                0.6776563085283547,
                -0.7325717832663687
            ],
            [
                0.8067550757500688,
                -0.467323495467749,
                -0.3616005642995381
            ],
            [
                -0.5873889132509441,
                -0.5677945460201386,
                -0.5767005722432825
            ]
        ],
        "t": [
            -299.2711705261878,
            -88.63568601957012,
            2084.122939881354
        ]
    },
    {
        "scene_id": 6,
        "image_id": 1,
        "category_id": 1,
        "R": [
            [
                0.06437811576856611,
                0.6771951574734869,
                -0.7329816776667257
            ],
            [
                0.8066698524083818,
                -0.46772261358450096,
                -0.3612745157405407
            ],
            [
                -0.5874854618177794,
                -0.5680160594737724,
                -0.5763840041662405
            ]
        ],
        "t": [
            58.8647040304229,
            -57.516366275935354,
            1906.4126359529225
        ]
    },
    {
        "scene_id": 6,
        "image_id": 1,
        "category_id": 1,
        "R": [
            [
                0.06432517192346132,
                0.6773267269907262,
                -0.7328647488122396
            ],
            [
                0.8066954791618041,
                -0.46760774023174956,
                -0.3613659847601923
            ],
            [
                -0.58745607204203,
                -0.5679537609404445,
                -0.5764753427342962
            ]
        ],
        "t": [
            -47.829370569200364,
            -198.14164558508486,
            1957.1633891316835
        ]
    }
]