[
    {
        "scene_id": 12,
        "image_id": 2,
        "category_id": 1,
        "R": [
            [
                0.3179312218320128,
                0.8720731083172012,
                -0.37203258661308
            ],
            [
                0.8987408042894963,
                -0.4021785302326782,
                -0.17469253721719638
            ],
            [
                -0.30196813938127365,
                -0.2788206419286865,
                -0.911632732541608
            ]
        ],
        "t": [
            -142.20563003094568,
            -40.67925745168873,
            1766.7197569105363
        ]
    },
    {
        "scene_id": 12,
        "image_id": 2,
        "category_id": 1,
        "R": [
            [
                0.3178589324996631,
                0.8721652835045306,
                -0.3718782473435037
            ],
            [
                0.8987651580066415,
                -0.4020813971812141,
                -0.1747908087644436
            ],
            [
                -0.3019717571201337,
                -0.2786723794739766,
                -0.9116768667835566
            ]
        ],
        "t": [
            -124.35612795621944,
            140.4309082513778,
            1820.5896127316103
        ]
    },
    {
        "scene_id": 12,
        "image_id": 2,
        "category_id": 1,
        "R": [
            [
                0.31785682308687896,
                0.8721909615172285,
                -0.37181982226934823
            ],
            [
                0.8987664502350555,
                -0.40206721870345336,
                -0.17481677725658076
            ],
            [
                -0.3019701314104343,
                -0.2786124639769258,
                -0.9116957174742369
            ]
        ],
        "t": [
            -158.55650430657133,
            260.1953727358453,
            1853.6038525028262
        ]
    }
]