[
    {
        "scene_id": 11,
        "image_id": 4,
        "category_id": 1,
        "R": [
            [
                0.41976774823033974,
                0.8834919627556974,
                -0.2079351424947796
            ],
            [
                0.8007860379295175,
                -0.46834409252363657,
                -0.3733572276665221
            ],
            [
                -0.4272432775828324,
                -0.009788223271084105,
                -0.9040837071033611
            ]
        ],
        "t": [
            150.97727066330026,
            -14.57632839833849,
            1711.4032732934859
        ]
    },
    {
        "scene_id": 11,
        "image_id": 4,
        "category_id": 1,
        "R": [
            [
                0.4193200870789837,
                0.8839428676143598,
                -0.20691956301516112
            ],
            [
                0.8009669115993518,
                -0.4675101799855936,
                -0.3740138033927467
            ],
            [
                -0.42734380813176476,
                -0.00890420990644051,
                -0.904045331663001
            ]
        ],
        "t": [
            417.59607440093373,
            -432.61132543573376,
            1845.0173719764891
        ]
    },
    {
        "scene_id": 11,
        "image_id": 4,
        "category_id": 1,
        "R": [
            [
                0.41975037305966445,
                0.8834953000796605,
                -0.2079560368107444
            ],
            [
                0.8007970001570619,
                -0.4683371332064959,
                -0.3733424449414307
            ],
            [
                -0.4272398016266577,
                -0.009819927006643409,
                -0.9040850059280265
            ]
        ],
        "t": [
            526.3579715444454,
            -493.1534114366361,
            1937.5669241323913
        ]
    },
    {
        "scene_id": 11,
        "image_id": 4,
        "category_id": 1,
        "R": [
            [
                0.4197595998101122,
                0.8834888762885867,
                -0.20796470381820362
            ],
            [
                0.8007930119223936,
                -0.4683491379875576,
                -0.373335939869237
            ],
            [
                -0.42723821184602967,
                -0.00982532393667418,
                -0.9040856985664731
            ]
        ],
        "t": [
            411.8996252533953,
            -441.5078349146355,
            1766.773707473747
        ]
    },
    {
        "scene_id": 11,
        "image_id": 4,
        "category_id": 1,
        "R": [
            [
                0.41972833262283776,
                0.883521173917634,
                -0.20789058714974873
            ],
            [
                0.80080556245379,
                -0.46828956905101843,
                -0.37338374048230133
            ],
            [
                -0.4272454062663981,
                -0.009760190861878267,
                -0.9040830042108313
            ]
        ],
        "t": [
            301.2061483482586,
            2.0621741502666566,
            1734.6889203660046
        ]
    },
    {
        "scene_id": 11,
        "image_id": 4,
        "category_id": 1,
        "R": [
            [
                0.41974766701809046,
                0.8834988299252716,
                -0.20794650212531862
            ],
            [
                0.8007992667391568,
                -0.4683306322193553,
                -0.3733457383050216
            ],
            [
                -0.42723821184611177,
                -0.009812390886034477,
                -0.9040858390263161
            ]
        ],
        "t": [
            271.69165729460417,
            2.6904859011453084,
            1771.443338076092
        ]
    },
    {
        "scene_id": 11,
        "image_id": 4,
        "category_id": 1,
        "R": [
            [
                0.4198048467244524,
                0.8834397313212069,
                -0.20808211355707992
            ],
            [
                0.800774396305421,
                -0.46843963648611153,
                -0.37326232087624667
            ],
            [
                -0.4272286461890136,
                -0.009929484561130521,
                -0.9040890809074815
            ]
        ],
        "t": [
            31.331481532171168,
            -0.8045890562820546,
            2094.209863413175
        ]
    },
    {
        "scene_id": 11,
        "image_id": 4,
        "category_id": 1,
        "R": [
            [
                0.4197947956070282,
                0.8834487520616103,
                -0.20806409169927922
            ],
            [
                0.8007791336006681,
                -0.46842292515450107,
                -0.3732731297253241
            ],
            [
                -0.4272296431752533,
                -0.009915252985774158,
                -0.9040887659709392
            ]
        ],
        "t": [
            68.21080393940113,
            -283.33882549877706,
            1727.4306309017124
        ]
    },
    {
        "scene_id": 11,
        "image_id": 4,
        "category_id": 1,
        "R": [
            [
                0.4198920723220266,
                0.8833448917482442,
                -0.20830862684009493
            ],
            [
                0.8007378920639047,
                -0.46861416482696927,
                -0.37312153480072763
            ],
            [
                -0.4272113470483697,
                -0.010129823363140186,
                -0.9040950329672377
            ]
        ],
        "t": [
            160.24346334855815,
            -364.78527243131697,
            1732.660002709488
        ]
    },
    {
        "scene_id": 11,
        "image_id": 4,
        "category_id": 1,
        "R": [
            [
                0.41976894123548186,
                0.883472917969365,
                -0.2080136374888594
            ],
            [
                0.8007901710224674,
                -0.4683782336784642,
                -0.3733055306388099
            ],
            [
                -0.4272343586435234,
                -0.009873196089346168,
                -0.9040869979143159
            ]
        ],
        "t": [
            190.67997367066422,
            -486.93697535007294,
            1781.9470660779402
        ]
    }
]