[
    {
        "scene_id": 7,
        "image_id": 1,
        "category_id": 0,
        "R": [
            [
                -0.5096588378456184,
                0.7184512188138049,
                0.47336632546199486
            ],
            [
                0.6412859073003198,
                -0.04957738672647458,
                0.7656986597806075
            ],
            [
                0.5735854076281558,
                0.6938082298655815,
                -0.4354650987770442
            ]
        ],
        "t": [
            137.307278949105,
            -366.7891983571174,
            1947.1286973500626
        ]
    },
    {
        "scene_id": 7,
        "image_id": 1,
        "category_id": 0,
        "R": [
            [
                -0.3775543148610887,
                0.5616816377694955,
                0.7361836999098326
            ],
            [
                0.87094065004525,
                -0.0546259028533391,
                0.48834246651571656
            ],
            [
                0.314507699652014,
                0.8255481055073024,
                -0.468567139563769
            ]
        ],
        "t": [
            -66.44358883398058,
            -206.4139657290582,
            1996.4242088624671
        ]
    },
    {
        "scene_id": 7,
        "image_id": 1,
        "category_id": 0,
        "R": [
            [
                -0.5482197884327037,
                0.6467250561633388,
                0.5302845728398169
            ],
            [
                0.6903904359089346,
                -0.007914949035056925,
                0.7233936475762576
            ],
            [
                0.47203398018114867,
                0.7626820982128563,
                -0.44215367299848124
            ]
        ],
        "t": [
            301.2277449035007,
            -322.64712381915444,
            1857.0566054541332
        ]
    }
]