[
    {
        "scene_id": 12,
        "image_id": 0,
        "category_id": 1,
        "R": [
            [
                0.3180092782689961,
                0.8719780211563828,
                -0.3721887197681729
            ],
            [
                0.8987061854767945,
                -0.402288967883236,
                -0.1746163352599622
            ],
            [
                -0.3019889789818028,
                -0.2789586774788392,
                -0.9115835998091331
            ]
        ],
        "t": [
            17.181531131804093,
            147.89289676510424,
            1818.0802635592936
        ]
    },
    {
        "scene_id": 12,
        "image_id": 0,
        "category_id": 1,
        "R": [
            [
                0.3177093121134538,
                0.8723942845014377,
                -0.37146873210710535
            ],
            [
                0.898821323216038,
                -0.40185690463332935,
                -0.1750181223905658
            ],
            [
                -0.3019620410767591,
                -0.2782791177044578,
                -0.9118002001571278
            ]
        ],
        "t": [
            114.16441301443365,
            122.05180104800388,
            1790.7559981058937
        ]
    },
    {
        "scene_id": 12,
        "image_id": 0,
        "category_id": 1,
        "R": [
            [
                0.31797264182782714,
                0.8720178487610178,
                -0.37212670430765904
            ],
            [
                0.8987222079706708,
                -0.4022396006891616,
                -0.1746475953804571
            ],
            [
                -0.3019798739286979,
                -0.2789053636596755,
                -0.9116029291704062
            ]
        ],
        "t": [
            -158.6403816195653,
            254.13053299755637,
            1845.5982492202302
        ]
    }
]