[
    {
        "scene_id": 14,
        "image_id": 1,
        "category_id": 14,
        "R": [
            [
                0.8410009690920457,
                -0.49047663307556366,
                -0.2283638377526064
            ],
            [
                0.5367713283706335,
                0.8092845686718841,
                0.23861061994133498
            ],
            [
                0.06777839645097526,
                -0.3232509231485989,
                0.943882900395019
            ]
        ],
        "t": [
            75.52059747715224,
            -188.13970586457074,
            1651.6787132893285
        ]
    },
    {
        "scene_id": 14,
        "image_id": 1,
        "category_id": 14,
        "R": [
            [
                0.9800768400307129,
                -0.08524148580884032,
                0.17939698083444347
            ],
            [
                -0.15625643819307192,
                -0.8884827792186435,
                0.43148844313043955
            ],
            [
                0.1226104121134381,
                -0.4509237631008339,
                -0.8841009256370881
            ]
        ],
        "t": [
            -118.84269822795179,
            -151.39313663157776,
            1638.3426694009213
        ]
    },
    {
        "scene_id": 14,
        "image_id": 1,
        "category_id": 14,
        "R": [
            [
                0.9935523853454432,
                -0.09896142367949057,
                0.055319925864988094
            ],
            [
                -0.09169019883074628,
                -0.9883694969592173,
                -0.12132042251393961
            ],
            [
                0.06668256903237625,
                0.11546590017797875,
                -0.991070663920253
            ]
        ],
        "t": [
            166.49363992588886,
            -158.33460996667733,
            1661.1760680072362
        ]
    },
    {
        "scene_id": 14,
        "image_id": 1,
        "category_id": 14,
        "R": [
            [
                0.9932586420494603,
                0.11553786007606894,
                -0.009395364979890953
            ],
            [
                0.06531374393276923,
                -0.4908414673030604,
                0.8687973117069727
            ],
            [
                0.09576734750188759,
                -0.8635540845047409,
                -0.49507873948255104
            ]
        ],
        "t": [
            -37.97493042393526,
            -299.8993285842421,
            1646.594872965093
        ]
    },
    {
        "scene_id": 14,
        "image_id": 1,
        "category_id": 14,
        "R": [
            [
                0.6998505740393417,
                -0.6897228118283023,
                -0.18571918818599223
            ],
            [
                0.7112058517388712,
                0.6969963301662115,
                0.09155518656646446
            ],
            [
                0.06629789189099794,
                -0.1961595232928895,
                0.9783281816202151
            ]
        ],
        "t": [
            107.2277209417896,
            -306.983066898799,
            1679.7016490597955
        ]
    },
    {
        "scene_id": 14,
        "image_id": 1,
        "category_id": 14,
        "R": [
            [
                0.7253419501344996,
                -0.5713242314899973,
                -0.3840152052815682
            ],
            [
                0.6845266861841284,
                0.6576241181096333,
                0.3145691262382608
            ],
            [
                0.0728166964154268,
                -0.4910388393934755,
                0.8680890432036638
            ]
        ],
        "t": [
            33.80819789843795,
            -58.91368983383836,
            1670.6599578822795
        ]
    }
]