[
    {
        "scene_id": 11,
        "image_id": 2,
        "category_id": 0,
        "R": [
            [
                0.42664949988442713,
                0.17804891796475136,
                0.8867179938557632
            ],
            [
                0.8946064386720772,
                -0.22709919555415803,
                -0.38484459369925683
            ],
            [
                0.13285178968827138,
                0.9574573016834695,
                -0.2561754555725916
            ]
        ],
        "t": [
            385.8554238819032,
            482.6479208050355,
            1882.840985129502
        ]
    },
    {
        "scene_id": 11,
        "image_id": 2,
        "category_id": 0,
        "R": [
            [
                -0.11500171820335774,
                0.2607948803845452,
                0.9585200304339634
            ],
            [
                0.954279701516035,
                -0.2390031409895303,
                0.17952112941388038
            ],
            [
                0.27590748986175456,
                0.9353413699703954,
                -0.22138546760860675
            ]
        ],
        "t": [
            3.016396297772644,
            439.24638943439913,
            1772.9707866869414
        ]
    },
    {
        "scene_id": 11,
        "image_id": 2,
        "category_id": 0,
        "R": [
            [
                -0.9461199517398445,
                0.1857261567671221,
                -0.26525995773947664
            ],
            [
                -0.2932010658947339,
                -0.14365569247979007,
                0.9451964150433354
            ],
            [
                0.13744157736552914,
                0.9720436113612567,
                0.1903706306950559
            ]
        ],
        "t": [
            -35.33159178148884,
            375.93571413080053,
            1756.5675670119347
        ]
    },
    {
        "scene_id": 11,
        "image_id": 2,
        "category_id": 0,
        "R": [
            [
                0.9661350697989162,
                0.12131927986426146,
                0.2277381672129206
            ],
            [
                0.24656944313580595,
                -0.17386857685373153,
                -0.9534009197231696
            ],
            [
                -0.0760693904440834,
                0.9772672585297043,
                -0.19789416325777204
            ]
        ],
        "t": [
            283.30271389852567,
            321.6636099072711,
            1685.010568584626
        ]
    },
    {
        "scene_id": 11,
        "image_id": 2,
        "category_id": 0,
        "R": [
            [
                -0.5838623450494272,
                0.3118882773908692,
                0.7495535191213368
            ],
            [
                0.7354653699883568,
                -0.18777773455767402,
                0.6510225019050467
            ],
            [
                0.3437957386241621,
                0.9313781054702556,
                -0.11974665491234501
            ]
        ],
        "t": [
            409.41967215654904,
            41.20001835924245,
            1817.822474756584
        ]
    },
    {
        "scene_id": 11,
        "image_id": 2,
        "category_id": 0,
        "R": [
            [
                -0.8815938780934108,
                0.19268523179305036,
                -0.4308882095447949
            ],
            [
                -0.4713737637274006,
                -0.31206755769332994,
                0.8248761727309225
            ],
            [
                0.0244752127073843,
                0.9303151029630653,
                0.3659436018978086
            ]
        ],
        "t": [
            275.1364579038625,
            -129.63716013913256,
            1766.3998821402213
        ]
    },
    {
        "scene_id": 11,
        "image_id": 2,
        "category_id": 0,
        "R": [
            [
                -0.8000319978766086,
                0.2841666548121329,
                0.52839202135733
            ],
            [
                0.5099998818372254,
                -0.14174624432358743,
                0.8484151158369375
            ],
            [
                0.31598885713507957,
                0.9482390329140269,
                -0.03152340769856738
            ]
        ],
        "t": [
            250.07040726970934,
            294.99675275199587,
            1504.460147000188
        ]
    },
    {
        "scene_id": 11,
        "image_id": 2,
        "category_id": 0,
        "R": [
            [
                -0.9098196474819894,
                0.26090965202239286,
                0.32272957116592677
            ],
            [
                0.30552350330111144,
                -0.10519283980041506,
                0.9463561387869629
            ],
            [
                0.2808622762118331,
                0.9596148020426543,
                0.015992501678530363
            ]
        ],
        "t": [
            344.8090988972202,
            419.8371448860586,
            1872.3004389113976
        ]
    },
    {
        "scene_id": 11,
        "image_id": 2,
        "category_id": 0,
        "R": [
            [
                0.7217877381066874,
                0.20024302090116605,
                -0.6625143072167181
            ],
            [
                -0.683211374351084,
                0.05309863104019326,
                -0.7282876075928999
            ],
            [
                -0.11065591471778048,
                0.9783063017276409,
                0.1751342203744028
            ]
        ],
        "t": [
            316.57777984987,
            389.81130133753146,
            1814.9087418867189
        ]
    }
]