[
    {
        "scene_id": 7,
        "image_id": 1,
        "category_id": 0,
        "R": [
            [
                -0.7293979110691303,
                0.311413264808512,
                0.6090980917460724
            ],
            [
                0.5561232809337133,
                -0.24858298839316886,
                0.7930532164224112
            ],
            [
                0.39837871265783437,
                0.9171849363976771,
                0.008131728128525743
            ]
        ],
        "t": [
            231.68012604345063,
            21.96442006697714,
            1765.6583428385982
        ]
    },
    {
        "scene_id": 7,
        "image_id": 1,
        "category_id": 0,
        "R": [
            [
                -0.4953704770961404,
                0.1113490050030602,
                0.8615158205429457
            ],
            [
                0.8203813174024313,
                -0.26612552251507315,
                0.5061143251440511
            ],
            [
                0.28562667086577626,
                0.9574855294344589,
                0.04048205861647924
            ]
        ],
        "t": [
            25.86042486319502,
            186.37043313314928,
            1749.1176329499212
        ]
    },
    {
        "scene_id": 7,
        "image_id": 1,
        "category_id": 0,
        "R": [
            [
                -0.7168229980695179,
                0.21511897157006174,
                0.6632410097759945
            ],
            [
                0.6275909399972643,
                -0.21539336291849848,
                0.7481546103827055
            ],
            [
                0.30379996351665095,
                0.9525384280000625,
                0.01939217900422105
            ]
        ],
        "t": [
            417.92552015348474,
            68.76569472754159,
            1772.9876856486649
        ]
    }
]