[
    {
        "scene_id": 11,
        "image_id": 3,
        "category_id": 1,
        "R": [
            [
                0.41971964040204374,
                0.8835266418477542,
                -0.20788489795706194
            ],
            [
                0.8008098738820485,
                -0.4682792930484618,
                -0.37338738140237737
            ],
            [
                -0.427245864337237,
                -0.009758248573976896,
                -0.9040828087049203
            ]
        ],
        "t": [
            -155.32080678871813,
            -349.8794107533163,
            1820.5909850992578
        ]
    },
    {
        "scene_id": 11,
        "image_id": 3,
        "category_id": 1,
        "R": [
            [
                0.4196941797925232,
                0.8835526450611353,
                -0.20782577570253755
            ],
            [
                0.8008205007565423,
                -0.4682312950259693,
                -0.37342478080842234
            ],
            [
                -0.427250956999275,
                -0.00970692178836119,
                -0.9040809545703745
            ]
        ],
        "t": [
            95.82027149700895,
            -50.51686476225507,
            1846.542729689195
        ]
    },
    {
        "scene_id": 11,
        "image_id": 3,
        "category_id": 1,
        "R": [
            [
                0.4199197819556631,
                0.8833061524011577,
                -0.20841701476890057
            ],
            [
                0.8007320154855536,
                -0.46868485224083584,
                -0.3730453533444737
            ],
            [
                -0.42719512559409595,
                -0.010237039937359412,
                -0.9041014902577296
            ]
        ],
        "t": [
            -54.461109762016804,
            -15.408833642528492,
            1837.0897798958322
        ]
    },
    {
        "scene_id": 11,
        "image_id": 3,
        "category_id": 1,
        "R": [
            [
                0.41969997360752026,
                0.8835463159491745,
                -0.20784098228957884
            ],
            [
                0.8008173924268234,
                -0.46824297407061055,
                -0.37341680226750223
            ],
            [
                -0.4272510917255556,
                -0.009719638535069524,
                -0.9040807542749434
            ]
        ],
        "t": [
            -46.25483436236553,
            -431.2075292755245,
            1840.0839159291982
        ]
    },
    {
        "scene_id": 11,
        "image_id": 3,
        "category_id": 1,
        "R": [
            [
                0.41979369146457146,
                0.8834480341122544,
                -0.20806936781359775
            ],
            [
                0.8007798130589934,
                -0.4684241513958129,
                -0.373270133257123
            ],
            [
                -0.42722945455629535,
                -0.009921289407210255,
                -0.9040887888809983
            ]
        ],
        "t": [
            23.702305089168632,
            -223.88385575737502,
            1838.3024585331766
        ]
    },
    {
        "scene_id": 11,
        "image_id": 3,
        "category_id": 1,
        "R": [
            [
                0.41978054678249,
                0.8834606503248025,
                -0.2080423179626675
            ],
            [
                0.8007853811964332,
                -0.4684008401136132,
                -0.3732874405045245
            ],
            [
                -0.42723193354701894,
                -0.009898428114041912,
                -0.9040878680099785
            ]
        ],
        "t": [
            -173.2623992327292,
            -488.4215462066462,
            1858.722062292698
        ]
    },
    {
        "scene_id": 11,
        "image_id": 3,
        "category_id": 1,
        "R": [
            [
                0.4197750481342782,
                0.8834665427866593,
                -0.20802838972856796
            ],
            [
                0.8007876598391326,
                -0.4683899856584332,
                -0.3732961722007506
            ],
            [
                -0.42723306525910404,
                -0.009886135839197745,
                -0.9040874677108185
            ]
        ],
        "t": [
            62.58016571660707,
            -500.8103570807367,
            1909.4727041854637
        ]
    },
    {
        "scene_id": 11,
        "image_id": 3,
        "category_id": 1,
        "R": [
            [
                0.41970303370209666,
                0.8835479679510747,
                -0.20782777972011296
            ],
            [
                0.8008190519452617,
                -0.4682400931864683,
                -0.37341685576536776
            ],
            [
                -0.42724497514103255,
                -0.009708245438731505,
                -0.9040837672425719
            ]
        ],
        "t": [
            -155.74504925157595,
            -132.2788632711729,
            1817.9272475042942
        ]
    }
]