[
    {
        "scene_id": 11,
        "image_id": 5,
        "category_id": 1,
        "R": [
            [
                0.42005154927720206,
                0.8831966220596025,
                -0.20861557210558168
            ],
            [
                0.8006753073468968,
                -0.46888783198902,
                -0.37291197381294083
            ],
            [
                -0.4271718710096945,
                -0.010391072032992695,
                -0.9041107206777079
            ]
        ],
        "t": [
            -156.17094009537283,
            -354.9306284434707,
            1822.2754015224696
        ]
    },
    {
        "scene_id": 11,
        "image_id": 5,
        "category_id": 1,
        "R": [
            [
                0.41977692101327807,
                0.8834640448967699,
                -0.20803521853729418
            ],
            [
                0.8007868218268643,
                -0.46839456508418426,
                -0.37329222384547756
            ],
            [
                -0.42723279580390255,
                -0.009892388218283381,
                -0.9040875266528136
            ]
        ],
        "t": [
            71.09718156830368,
            -498.98121078827927,
            1905.1860674961135
        ]
    },
    {
        "scene_id": 11,
        "image_id": 5,
        "category_id": 1,
        "R": [
            [
                0.41982823216360604,
                0.8834214216512031,
                -0.20811266525312028
            ],
            [
                0.8007658451160098,
                -0.4684736523470833,
                -0.37323797415014026
            ],
            [
                -0.42722169421679,
                -0.00995366250408959,
                -0.9040921001742973
            ]
        ],
        "t": [
            96.47067355444426,
            -52.822831449423035,
            1823.557987419789
        ]
    },
    {
        "scene_id": 11,
        "image_id": 5,
        "category_id": 1,
        "R": [
            [
                0.4197691360632642,
                0.8834689147116984,
                -0.20803024621300306
            ],
            [
                0.8007921677599625,
                -0.46838537949095116,
                -0.3732922813679534
            ],
            [
                -0.42723042459665944,
                -0.009892400477470704,
                -0.904088647045207
            ]
        ],
        "t": [
            -275.10464159577117,
            -279.23697089386366,
            2180.3345543443156
        ]
    },
    {
        "scene_id": 11,
        "image_id": 5,
        "category_id": 1,
        "R": [
            [
                0.41987954189778104,
                0.8833463540498075,
                -0.20832768245058145
            ],
            [
                0.8007513630661129,
                -0.46861069279411816,
                -0.3730969849010477
            ],
            [
                -0.42719841300979816,
                -0.010162871664574276,
                -0.9041007736783111
            ]
        ],
        "t": [
            -54.745548274190384,
            -19.76010938616139,
            1820.3087087180493
        ]
    },
    {
        "scene_id": 11,
        "image_id": 5,
        "category_id": 1,
        "R": [
            [
                0.4197573660713375,
                0.8834860693556724,
                -0.2079811363463663
            ],
            [
                0.8007947865857631,
                -0.46835404354400884,
                -0.3733259790967043
            ],
            [
                -0.42723708013704165,
                -0.009843867128154247,
                -0.9040860316586137
            ]
        ],
        "t": [
            -164.41877403799992,
            -492.54219494691097,
            1847.8103865792834
        ]
    }
]