[
    {
        "scene_id": 14,
        "image_id": 5,
        "category_id": 1,
        "R": [
            [
                0.4197497781351238,
                0.8834934951802724,
                -0.20796490550636015
            ],
            [
                0.8007984189350121,
                -0.468340316244553,
                -0.373335408723324
            ],
            [
                -0.42723772682803507,
                -0.009830499648309626,
                -0.9040858715054448
            ]
        ],
        "t": [
            149.3900331449413,
            -411.2287399262314,
            1707.6877141038178
        ]
    },
    {
        "scene_id": 14,
        "image_id": 5,
        "category_id": 1,
        "R": [
            [
                0.41980313591344226,
                0.8834336841061334,
                -0.20811123721825617
            ],
            [
                0.8007764720200117,
                -0.4684503633407098,
                -0.37324440510289647
            ],
            [
                -0.4272264366502551,
                -0.009961397699646116,
                -0.9040897739645533
            ]
        ],
        "t": [
            130.49235892446097,
            -412.29752254341963,
            1724.9675249626127
        ]
    },
    {
        "scene_id": 14,
        "image_id": 5,
        "category_id": 1,
        "R": [
            [
                0.41977986082042235,
                0.8834616855876233,
                -0.20803930575944388
            ],
            [
                0.8007856976573569,
                -0.46839894669463306,
                -0.37328913747690606
            ],
            [
                -0.4272320143836207,
                -0.009895625528449031,
                -0.9040878604900058
            ]
        ],
        "t": [
            233.05939539197658,
            -412.1866268562557,
            1731.271095521884
        ]
    },
    {
        "scene_id": 14,
        "image_id": 5,
        "category_id": 1,
        "R": [
            [
                0.41978543280422637,
                0.883455233173508,
                -0.20805546274087583
            ],
            [
                0.8007844874714478,
                -0.4684107835516305,
                -0.3732768804428055
            ],
            [
                -0.42722880786261513,
                -0.009911377384468416,
                -0.9040892031956322
            ]
        ],
        "t": [
            45.587247925581764,
            -426.8556612011199,
            1704.3434182339752
        ]
    }
]