[
    {
        "scene_id": 14,
        "image_id": 0,
        "category_id": 14,
        "R": [
            [
                0.92681380893525,
                0.15043849421453426,
                -0.3440703751057294
            ],
            [
                0.3745898403862478,
                -0.43486310220544777,
                0.8188873755405318
            ],
            [
                -0.02643132698786007,
                -0.8878413945062025,
                -0.4593898596562001
            ]
        ],
        "t": [
            217.69304326663826,
            155.30622483774022,
            1883.167834274831
        ]
    },
    {
        "scene_id": 14,
        "image_id": 0,
        "category_id": 14,
        "R": [
            [
                0.9960039407658821,
                -0.08267053653030003,
                -0.033789530458795826
            ],
            [
                0.005396751093051064,
                -0.32193915797260997,
                0.9467449781443398
            ],
            [
                -0.08914608828475432,
                -0.9431440828175085,
                -0.32020651771918646
            ]
        ],
        "t": [
            -61.94600036183829,
            111.76883923851943,
            1832.7395742814185
        ]
    },
    {
        "scene_id": 14,
        "image_id": 0,
        "category_id": 14,
        "R": [
            [
                0.7113890544713741,
                -0.688642209693331,
                -0.14034785430141122
            ],
            [
                0.6965316203712117,
                0.7174530944780583,
                0.010235186706289595
            ],
            [
                0.09364462078186012,
                -0.10503791816551007,
                0.9900493526820152
            ]
        ],
        "t": [
            135.22124204481145,
            111.41806027775112,
            1857.4574083174484
        ]
    },
    {
        "scene_id": 14,
        "image_id": 0,
        "category_id": 14,
        "R": [
            [
                0.7685730918612773,
                -0.6387229806162279,
                -0.036446625351580775
            ],
            [
                0.6357323264594654,
                0.7688757629878612,
                -0.06837009714977602
            ],
            [
                0.07169247911205538,
                0.0293771190309022,
                0.9969940688470578
            ]
        ],
        "t": [
            188.7411510451252,
            -2.618976431986198,
            1869.7371597731315
        ]
    },
    {
        "scene_id": 14,
        "image_id": 0,
        "category_id": 14,
        "R": [
            [
                0.7498525196518264,
                -0.6215398265786931,
                -0.22673650510743742
            ],
            [
                0.6567933620770618,
                0.7405767658954231,
                0.14201596159370572
            ],
            [
                0.07964721152253888,
                -0.2554100581269341,
                0.9635465862656979
            ]
        ],
        "t": [
            66.62811059295393,
            225.71188994271404,
            1891.6593928688833
        ]
    }
]