[
    {
        "scene_id": 11,
        "image_id": 3,
        "category_id": 1,
        "R": [
            [
                0.06426773576209674,
                0.6774693520616346,
                -0.7327379892210015
            ],
            [
                0.8067207022027829,
                -0.4674856934280786,
                -0.36146769847113525
            ],
            [
                -0.5874278098722796,
                -0.5678841869375901,
                -0.5765727913538417
            ]
        ],
        "t": [
            -223.60640560224385,
            -374.1571346070391,
            2249.1732900195234
        ]
    },
    {
        "scene_id": 11,
        "image_id": 3,
        "category_id": 1,
        "R": [
            [
                0.0642448138303465,
                0.6775222072176856,
                -0.7326911274972651
            ],
            [
                0.8067313779863131,
                -0.46743836449370313,
                -0.36150507760231887
            ],
            [
                -0.587415655819816,
                -0.5678600887897408,
                -0.576608907468619
            ]
        ],
        "t": [
            -9.605660249131233,
            -74.98975027887406,
            2114.7641259882585
        ]
    },
    {
        "scene_id": 11,
        "image_id": 3,
        "category_id": 1,
        "R": [
            [
                0.06445469320392275,
                0.676993805530294,
                -0.7331609683337168
            ],
            [
                0.8066423163422207,
                -0.46788499937208755,
                -0.3611258268376007
            ],
            [
                -0.5875149623990444,
                -0.5681223996425468,
                -0.5762492284561562
            ]
        ],
        "t": [
            -132.16949039398696,
            -39.8648423662863,
            2202.2328294402428
        ]
    },
    {
        "scene_id": 11,
        "image_id": 3,
        "category_id": 1,
        "R": [
            [
                0.06424921166115437,
                0.6775092017185903,
                -0.7327027678929521
            ],
            [
                0.8067282758054939,
                -0.4674498777038129,
                -0.36149711314350474
            ],
            [
                -0.5874194352001083,
                -0.5678661283576619,
                -0.5765991091980085
            ]
        ],
        "t": [
            -127.15475437220698,
            -455.6606722847009,
            2194.9157958877736
        ]
    },
    {
        "scene_id": 11,
        "image_id": 3,
        "category_id": 1,
        "R": [
            [
                0.06433541397289962,
                0.6773046211186701,
                -0.7328843226667253
            ],
            [
                0.8066904777861562,
                -0.46762842426501244,
                -0.36135051104027416
            ],
            [
                -0.5874619073536174,
                -0.5679631619701765,
                -0.5764602495991902
            ]
        ],
        "t": [
            -72.23666948945515,
            -248.28244695616104,
            2151.8048327534007
        ]
    },
    {
        "scene_id": 11,
        "image_id": 3,
        "category_id": 1,
        "R": [
            [
                0.06432367498535711,
                0.6773289827353001,
                -0.7328628382402645
            ],
            [
                0.8066960691674441,
                -0.46760541044259557,
                -0.361367809959754
            ],
            [
                -0.587455514792152,
                -0.5679530575627246,
                -0.5764767192698346
            ]
        ],
        "t": [
            -214.68433316131234,
            -513.2071014948722,
            2288.6106584908302
        ]
    },
    {
        "scene_id": 11,
        "image_id": 3,
        "category_id": 1,
        "R": [
            [
                0.06431870445513149,
                0.6773413754030585,
                -0.7328518207078021
            ],
            [
                0.8066983587984506,
                -0.4675947164066456,
                -0.36137653640071493
            ],
            [
                -0.5874529148814128,
                -0.567947082639181,
                -0.5764852551745325
            ]
        ],
        "t": [
            0.5627805277301832,
            -526.1042125136568,
            2179.738393089633
        ]
    },
    {
        "scene_id": 11,
        "image_id": 3,
        "category_id": 1,
        "R": [
            [
                0.06425544854429101,
                0.6775176685373556,
                -0.7326943918459536
            ],
            [
                0.8067298559225348,
                -0.46744714754880046,
                -0.36149711723912603
            ],
            [
                -0.5874165829541276,
                -0.5678582740282799,
                -0.5766097501801288
            ]
        ],
        "t": [
            -223.90939199910622,
            -156.54076356644407,
            2249.71716811225
        ]
    }
]