[
    {
        "scene_id": 14,
        "image_id": 5,
        "category_id": 14,
        "R": [
            [
                0.9794434180837177,
                -0.1455071154824176,
                -0.1397078026327437
            ],
            [
                -0.15064259667502822,
                -0.9882233648589368,
                -0.026858689727643638
            ],
            [
                -0.1341543843468715,
                0.04735251303645232,
                -0.9898284400185945
            ]
        ],
        "t": [
            -147.2174599552498,
            80.05170845483394,
            1681.1991640604763
        ]
    },
    {
        "scene_id": 14,
        "image_id": 5,
        "category_id": 14,
        "R": [
            [
                0.9615111511863956,
                0.10793907693815856,
                -0.25267659530306924
            ],
            [
                0.2689977047970671,
                -0.557231712085362,
                0.7855781653408692
            ],
            [
                -0.056004829774963856,
                -0.8233115902962584,
                -0.5648198689190412
            ]
        ],
        "t": [
            54.13366290277759,
            226.6122647559248,
            1689.4549413472982
        ]
    },
    {
        "scene_id": 14,
        "image_id": 5,
        "category_id": 14,
        "R": [
            [
                0.7200092841850532,
                -0.45281344062721945,
                -0.5258769995680233
            ],
            [
                0.6855955269512555,
                0.5814735153275895,
                0.43800379495731073
            ],
            [
                0.10744954216634468,
                -0.6759057175079345,
                0.7291131989810139
            ]
        ],
        "t": [
            -74.73427655648658,
            311.8780038798337,
            1747.5123052756333
        ]
    },
    {
        "scene_id": 14,
        "image_id": 5,
        "category_id": 14,
        "R": [
            [
                0.9378722717787333,
                0.01730099600217487,
                -0.3465490980596126
            ],
            [
                -0.2973679135475619,
                -0.4745720084153678,
                -0.8284646841121077
            ],
            [
                -0.17879576566845112,
                0.8800466376084491,
                -0.43994316657165533
            ]
        ],
        "t": [
            -230.32087204254498,
            221.57493374160822,
            1723.7213883412164
        ]
    },
    {
        "scene_id": 14,
        "image_id": 5,
        "category_id": 14,
        "R": [
            [
                0.7620024882124322,
                -0.4655372340787391,
                -0.450141412940844
            ],
            [
                0.6426398720893088,
                0.6292717835789697,
                0.4370709521260577
            ],
            [
                0.07978848763511664,
                -0.6223279730798374,
                0.7786794534102215
            ]
        ],
        "t": [
            1.0667293995840055,
            74.93449463039838,
            1682.7185197378228
        ]
    },
    {
        "scene_id": 14,
        "image_id": 5,
        "category_id": 14,
        "R": [
            [
                0.6452523738318209,
                -0.6545105059007807,
                -0.3940372720059671
            ],
            [
                0.7499327865130642,
                0.6410621511577954,
                0.16321805680037663
            ],
            [
                0.1457744482999377,
                -0.40081830798810114,
                0.9044857623005488
            ]
        ],
        "t": [
            -35.5950514512939,
            193.56978496635293,
            1695.569116395732
        ]
    },
    {
        "scene_id": 14,
        "image_id": 5,
        "category_id": 14,
        "R": [
            [
                0.8783992321761757,
                -0.2825270038203888,
                -0.3854779903244543
            ],
            [
                0.4778754756737739,
                0.5311209026438976,
                0.6996753650974823
            ],
            [
                0.0070582336225514875,
                -0.7988047814622823,
                0.6015489194164714
            ]
        ],
        "t": [
            192.8416619980868,
            266.66082646298247,
            1720.8223791961748
        ]
    }
]