[
    {
        "scene_id": 11,
        "image_id": 2,
        "category_id": 0,
        "R": [
            [
                0.4464097916210172,
                -0.01420014055265115,
                0.8947159818320971
            ],
            [
                0.8947703010205389,
                -0.004337902892482597,
                -0.44650574241053503
            ],
            [
                0.010221631171161465,
                0.9998897516396853,
                0.010769393038171293
            ]
        ],
        "t": [
            471.86866616247374,
            129.9686370114618,
            1851.66726140303
        ]
    },
    {
        "scene_id": 11,
        "image_id": 2,
        "category_id": 0,
        "R": [
            [
                -0.10788206169026543,
                0.07036251293298662,
                0.9916706165515955
            ],
            [
                0.9937182275101356,
                -0.022227209655206834,
                0.10968191492006214
            ],
            [
                0.029759554285307636,
                0.9972738074124936,
                -0.06752258127478251
            ]
        ],
        "t": [
            113.82340664653675,
            68.27599338655898,
            1682.793084479089
        ]
    },
    {
        "scene_id": 11,
        "image_id": 2,
        "category_id": 0,
        "R": [
            [
                -0.9707222231982009,
                -0.0044816595343856085,
                -0.24016309939199373
            ],
            [
                -0.23974223206895282,
                0.08010365741561265,
                0.9675263062194807
            ],
            [
                0.01490181107676186,
                0.996776451904525,
                -0.07883284822673842
            ]
        ],
        "t": [
            75.51425247432518,
            3.4715426846915136,
            1673.8115864379297
        ]
    },
    {
        "scene_id": 11,
        "image_id": 2,
        "category_id": 0,
        "R": [
            [
                0.9763847647656657,
                -0.07040236275255532,
                0.20424576530484487
            ],
            [
                0.20811765755260356,
                0.05285705905359058,
                -0.9766745921331711
            ],
            [
                0.05796437158191521,
                0.9961172692181316,
                0.06626080739628465
            ]
        ],
        "t": [
            398.15627052934997,
            -70.50628244179029,
            1678.617642072142
        ]
    },
    {
        "scene_id": 11,
        "image_id": 2,
        "category_id": 0,
        "R": [
            [
                -0.5931767415629059,
                0.12421169465230063,
                0.7954324876273449
            ],
            [
                0.8033088232319346,
                0.025958326292777036,
                0.5949967956294185
            ],
            [
                0.053257448074359615,
                0.9919161254937089,
                -0.11517821501671656
            ]
        ],
        "t": [
            481.20415248050404,
            -314.93517643821576,
            1892.0699364158124
        ]
    },
    {
        "scene_id": 11,
        "image_id": 2,
        "category_id": 0,
        "R": [
            [
                -0.8970548133450771,
                0.0001926028816467812,
                -0.44191929008719194
            ],
            [
                -0.44000062857884115,
                -0.09347362023230613,
                0.8931193739732476
            ],
            [
                -0.041135780172788176,
                0.9956217277520769,
                0.0839356886063787
            ]
        ],
        "t": [
            348.9158622786918,
            -490.98323154920445,
            1855.0767333820345
        ]
    },
    {
        "scene_id": 11,
        "image_id": 2,
        "category_id": 0,
        "R": [
            [
                -0.8133355641537267,
                0.09659654623199462,
                0.5737197935677297
            ],
            [
                0.5807258118195223,
                0.07503734814616574,
                0.8106337118978105
            ],
            [
                0.03525398991311907,
                0.9924910489761428,
                -0.11712664471299276
            ]
        ],
        "t": [
            397.12196432660227,
            -137.32870369671338,
            1505.5637273708753
        ]
    },
    {
        "scene_id": 11,
        "image_id": 2,
        "category_id": 0,
        "R": [
            [
                -0.9265365460984708,
                0.07381680448776713,
                0.36889177587978295
            ],
            [
                0.3753045374584299,
                0.11356808597726974,
                0.9199178664457212
            ],
            [
                0.026011050701526314,
                0.9907842082853796,
                -0.13292875858142095
            ]
        ],
        "t": [
            429.8650115707211,
            67.03420728579806,
            1847.6612584137101
        ]
    },
    {
        "scene_id": 11,
        "image_id": 2,
        "category_id": 0,
        "R": [
            [
                0.6887864850987717,
                0.02007724145398707,
                -0.7246862193484066
            ],
            [
                -0.7010989096656421,
                0.2728200689068666,
                -0.6588092408753646
            ],
            [
                0.18448187114612696,
                0.9618555481392447,
                0.20199089270672302
            ]
        ],
        "t": [
            410.9435631592304,
            25.08373744034992,
            1794.046871310805
        ]
    }
]