[
    {
        "scene_id": 12,
        "image_id": 2,
        "category_id": 1,
        "R": [
            [
                0.4197530147454988,
                0.8834904511163696,
                -0.2079713047294441
            ],
            [
                0.8008006469763509,
                -0.4683458631931342,
                -0.3733236708643181
            ],
            [
                -0.4272303707056612,
                -0.009839806164459364,
                -0.9040892464605641
            ]
        ],
        "t": [
            -55.49505231223233,
            -398.0916725275895,
            1755.5227106531734
        ]
    },
    {
        "scene_id": 12,
        "image_id": 2,
        "category_id": 1,
        "R": [
            [
                0.41968416039785506,
                0.8835593556144167,
                -0.20781747955836755
            ],
            [
                0.8008246015883222,
                -0.468218734969435,
                -0.3734317350065475
            ],
            [
                -0.42725311261932974,
                -0.009701953214415842,
                -0.9040799891963105
            ]
        ],
        "t": [
            -37.31290301479558,
            -209.74441829174793,
            1770.2257520362637
        ]
    },
    {
        "scene_id": 12,
        "image_id": 2,
        "category_id": 1,
        "R": [
            [
                0.4196818674223772,
                0.8835743851626772,
                -0.20775820136368225
            ],
            [
                0.8008262632745621,
                -0.4681915921805508,
                -0.37346220164377675
            ],
            [
                -0.42725225037164277,
                -0.009642896985671046,
                -0.9040810285004175
            ]
        ],
        "t": [
            -69.95401024420951,
            -85.10442657260025,
            1768.6247151942484
        ]
    }
]