[
    {
        "scene_id": 12,
        "image_id": 3,
        "category_id": 0,
        "R": [
            [
                0.3358236873844405,
                0.2128186792469398,
                0.9175678036650731
            ],
            [
                0.9163999213423816,
                -0.2990618286917356,
                -0.2660325033105192
            ],
            [
                0.21779282339483488,
                0.9301990014557588,
                -0.2954590502533435
            ]
        ],
        "t": [
            187.66567060498267,
            317.71263314232465,
            1720.2681165171157
        ]
    },
    {
        "scene_id": 12,
        "image_id": 3,
        "category_id": 0,
        "R": [
            [
                -0.24952747940100095,
                0.25265520748575193,
                0.9348269341015775
            ],
            [
                0.9419466781772545,
                -0.16063656491956252,
                0.2948430693031603
            ],
            [
                0.2246610283750787,
                0.9541284965743572,
                -0.1979044743364875
            ]
        ],
        "t": [
            -275.0845832284112,
            45.270321521453184,
            1731.0913101328592
        ]
    },
    {
        "scene_id": 12,
        "image_id": 3,
        "category_id": 0,
        "R": [
            [
                -0.8705369295657793,
                0.2211172352314213,
                -0.4396278381920752
            ],
            [
                -0.46273668184338346,
                -0.06382354348487088,
                0.8841953430142228
            ],
            [
                0.16745219981875664,
                0.973156550284341,
                0.1578798151212864
            ]
        ],
        "t": [
            -141.54842807457658,
            215.8672301764035,
            1741.1273661653465
        ]
    },
    {
        "scene_id": 12,
        "image_id": 3,
        "category_id": 0,
        "R": [
            [
                0.07159215928844934,
                0.25772868923163994,
                0.9635613623651574
            ],
            [
                0.897639189984456,
                -0.4378380257979562,
                0.05041660246215849
            ],
            [
                0.4348775965049771,
                0.8613209316480203,
                -0.26269312014446194
            ]
        ],
        "t": [
            -138.67367987040456,
            218.80210853882124,
            1724.4907702503265
        ]
    },
    {
        "scene_id": 12,
        "image_id": 3,
        "category_id": 0,
        "R": [
            [
                0.8050617879835917,
                0.04209960396837141,
                0.5916951533027875
            ],
            [
                0.5763787457248332,
                -0.29131218060506703,
                -0.7634951479493626
            ],
            [
                0.14022516440531602,
                0.9557011995602521,
                -0.2587896192562404
            ]
        ],
        "t": [
            172.7259952482528,
            68.7700081193326,
            1683.0509591000382
        ]
    },
    {
        "scene_id": 12,
        "image_id": 3,
        "category_id": 0,
        "R": [
            [
                -0.08222602342631251,
                0.33855899216019647,
                0.9373455624616823
            ],
            [
                0.8768823990569555,
                -0.4223907876289785,
                0.22948500339830205
            ],
            [
                0.47362032542345633,
                0.8408113910204719,
                -0.26214488109476913
            ]
        ],
        "t": [
            169.62368354307762,
            181.3546172693907,
            1688.7122811675968
        ]
    },
    {
        "scene_id": 12,
        "image_id": 3,
        "category_id": 0,
        "R": [
            [
                0.9869899687861995,
                0.13270352923114287,
                0.0907776867553704
            ],
            [
                0.12093855630430446,
                -0.24071150590976698,
                -0.9630326695165184
            ],
            [
                -0.10594658934459988,
                0.9614820278437826,
                -0.2536288172661898
            ]
        ],
        "t": [
            8.713120285311902,
            -85.17223868129588,
            1669.8904634192359
        ]
    }
]