[
    {
        "scene_id": 7,
        "image_id": 3,
        "category_id": 0,
        "R": [
            [
                0.8057184586589041,
                -0.1488360692672335,
                0.5732936881808862
            ],
            [
                0.5813888085126686,
                0.013816528152046606,
                -0.8135085191114351
            ],
            [
                0.11315846867368934,
                0.988765310946937,
                0.09766385749050958
            ]
        ],
        "t": [
            127.58266340388172,
            -182.065395585289,
            1718.4010523808945
        ]
    },
    {
        "scene_id": 7,
        "image_id": 3,
        "category_id": 0,
        "R": [
            [
                -0.9583157382256735,
                0.07593450723490527,
                0.2754359445072814
            ],
            [
                0.2788332634062086,
                0.03830671193057595,
                0.959575198105989
            ],
            [
                0.062313820722140964,
                0.9963766629976635,
                -0.05788299754800868
            ]
        ],
        "t": [
            317.0456803959087,
            -344.31350180889854,
            1808.3934947391267
        ]
    },
    {
        "scene_id": 7,
        "image_id": 3,
        "category_id": 0,
        "R": [
            [
                -0.4380570415037084,
                0.06843698750504844,
                0.89633836812718
            ],
            [
                0.8968992578114882,
                -0.03399227383850748,
                0.44092652498724383
            ],
            [
                0.060644251934135016,
                0.9970761321862844,
                -0.046490531899323714
            ]
        ],
        "t": [
            501.1239653880877,
            -298.88488183422584,
            1845.5838348204625
        ]
    }
]