[
    {
        "scene_id": 10,
        "image_id": 5,
        "category_id": 0,
        "R": [
            [
                -0.36612824635234414,
                0.6714143102014699,
                0.6443236430320369
            ],
            [
                0.8488311261871495,
                -0.042793216621795666,
                0.5269293328213168
            ],
            [
                0.38136056927596657,
                0.7398456681933049,
                -0.5542495545977321
            ]
        ],
        "t": [
            228.2628341633049,
            -479.9165769645488,
            2034.6620415202754
        ]
    },
    {
        "scene_id": 10,
        "image_id": 5,
        "category_id": 0,
        "R": [
            [
                0.6018566600534454,
                0.5855291405732825,
                0.5430692515501675
            ],
            [
                0.7160451177763673,
                -0.09454333238061315,
                -0.6916220135099083
            ],
            [
                -0.3536212640269991,
                0.8051193926986486,
                -0.47616680947245615
            ]
        ],
        "t": [
            319.55244387945663,
            -377.06417320454966,
            2002.9254194867588
        ]
    },
    {
        "scene_id": 10,
        "image_id": 5,
        "category_id": 0,
        "R": [
            [
                -0.25147863655042785,
                0.6554033231673395,
                0.7121832664633312
            ],
            [
                0.9198291506861263,
                -0.0670888139915444,
                0.3865404073906766
            ],
            [
                0.301119392518264,
                0.7522935757334177,
                -0.5859876728006589
            ]
        ],
        "t": [
            -50.20365367012846,
            -387.77250182274,
            2159.2949337059235
        ]
    },
    {
        "scene_id": 10,
        "image_id": 5,
        "category_id": 0,
        "R": [
            [
                0.14066050328347138,
                0.6503737693231124,
                0.7464774669626147
            ],
            [
                0.989878593653341,
                -0.07803414294584546,
                -0.11853735412136315
            ],
            [
                -0.01884285862378965,
                0.7555955810551708,
                -0.6547673860871921
            ]
        ],
        "t": [
            179.86551176198304,
            -430.6072495346306,
            2056.6082640443346
        ]
    },
    {
        "scene_id": 10,
        "image_id": 5,
        "category_id": 0,
        "R": [
            [
                0.6799696031937824,
                0.6038314868930185,
                0.4159674264404496
            ],
            [
                0.5655347712249531,
                -0.07080548803457806,
                -0.8216794188491201
            ],
            [
                -0.46670312454692275,
                0.7939610632499018,
                -0.38963327488280103
            ]
        ],
        "t": [
            181.0356812172936,
            -530.1557949063747,
            2053.316569173713
        ]
    },
    {
        "scene_id": 10,
        "image_id": 5,
        "category_id": 0,
        "R": [
            [
                0.31988629063702345,
                0.622415456473181,
                0.7143331059780176
            ],
            [
                0.9329972217053641,
                -0.07572331442444123,
                -0.3518269829094282
            ],
            [
                -0.16489088212805555,
                0.7790154234574799,
                -0.6049347339350472
            ]
        ],
        "t": [
            132.5568782723219,
            -381.5804264979404,
            2078.5627715693818
        ]
    },
    {
        "scene_id": 10,
        "image_id": 5,
        "category_id": 0,
        "R": [
            [
                0.759951086931667,
                0.579302995670073,
                0.29475822358246717
            ],
            [
                0.41290223226429684,
                -0.08003680168268781,
                -0.9072518497793594
            ],
            [
                -0.5019822040711943,
                0.8111733491917343,
                -0.3000195488156765
            ]
        ],
        "t": [
            225.39465887927167,
            -279.9338061494528,
            2050.5567178659294
        ]
    },
    {
        "scene_id": 10,
        "image_id": 5,
        "category_id": 0,
        "R": [
            [
                0.544601647851656,
                0.596837679199532,
                -0.5892315805652407
            ],
            [
                -0.8106656910019329,
                0.194489705028245,
                -0.5522634824346869
            ],
            [
                -0.21501217428046004,
                0.7784334200320506,
                0.5897552380463151
            ]
        ],
        "t": [
            -96.75874524413462,
            -337.92781651754007,
            2179.478255968421
        ]
    },
    {
        "scene_id": 10,
        "image_id": 5,
        "category_id": 0,
        "R": [
            [
                -0.08452844288602603,
                0.6619313345075633,
                0.7447831069719123
            ],
            [
                0.9829394336510676,
                -0.06714685963465128,
                0.17123501679103395
            ],
            [
                0.16335566564533635,
                0.746550906750595,
                -0.6449625845319288
            ]
        ],
        "t": [
            227.0632921620752,
            19.809409323056315,
            2071.8323274381223
        ]
    },
    {
        "scene_id": 10,
        "image_id": 5,
        "category_id": 0,
        "R": [
            [
                -0.5138229538369187,
                0.6588011084020504,
                0.5495153295122603
            ],
            [
                0.720448897242233,
                -0.01639885161564832,
                0.6933141611770532
            ],
            [
                0.46576755105080125,
                0.7521384352630627,
                -0.4662064219879885
            ]
        ],
        "t": [
            133.43009192882982,
            -479.9717249212489,
            2066.7903738831033
        ]
    },
    {
        "scene_id": 10,
        "image_id": 5,
        "category_id": 0,
        "R": [
            [
                0.6858683097744714,
                0.5282454427726372,
                0.5005411466877467
            ],
            [
                0.6526989059191334,
                -0.1423616261692511,
                -0.7441218768232224
            ],
            [
                -0.3218211364725342,
                0.8370722639161668,
                -0.44242654352610994
            ]
        ],
        "t": [
            -96.5952426410879,
            -244.4968919985681,
            2173.0562141040136
        ]
    },
    {
        "scene_id": 10,
        "image_id": 5,
        "category_id": 0,
        "R": [
            [
                0.7547221661610745,
                0.559859354331819,
                0.34198242785664956
            ],
            [
                0.39454741169512203,
                0.02912822466888868,
                -0.9184138219848507
            ],
            [
                -0.5241439052383294,
                0.8280755417879789,
                -0.19890733774481487
            ]
        ],
        "t": [
            -4.066162362164732,
            -335.1636092731298,
            2144.0752584536167
        ]
    },
    {
        "scene_id": 10,
        "image_id": 5,
        "category_id": 0,
        "R": [
            [
                -0.011430636412272694,
                0.5884473371724424,
                0.808454759164857
            ],
            [
                0.9999190136822068,
                0.011255221904620173,
                0.005945419849202548
            ],
            [
                -0.005600773641259962,
                0.8084572364675755,
                -0.5885283285046707
            ]
        ],
        "t": [
            83.4169127624773,
            -499.62614855922016,
            1975.7126688296973
        ]
    },
    {
        "scene_id": 10,
        "image_id": 5,
        "category_id": 0,
        "R": [
            [
                -0.06232979349212389,
                0.6881453022561506,
                0.7228907701143061
            ],
            [
                0.9812160092451776,
                -0.09023930327209584,
                0.1705053468558588
            ],
            [
                0.18256560840696334,
                0.7199395520474514,
                -0.6695945828181271
            ]
        ],
        "t": [
            22.60824887500189,
            -335.52441011786334,
            1719.1580067591744
        ]
    },
    {
        "scene_id": 10,
        "image_id": 5,
        "category_id": 0,
        "R": [
            [
                -0.08294291485414014,
                0.6683852876352863,
                0.7391763022707294
            ],
            [
                0.9702947045136706,
                -0.1149878667222207,
                0.2128521525846138
            ],
            [
                0.22726354840107976,
                0.7348734220679863,
                -0.6389932694644825
            ]
        ],
        "t": [
            167.09762262710387,
            -28.183567864399777,
            1968.7728620849336
        ]
    },
    {
        "scene_id": 10,
        "image_id": 5,
        "category_id": 0,
        "R": [
            [
                -0.3935693922770626,
                0.6657960762189729,
                0.6338917447360528
            ],
            [
                0.8283735143676793,
                -0.042148144888931795,
                0.5585883247410957
            ],
            [
                0.39862326930764996,
                0.7449423918285862,
                -0.5349396109261838
            ]
        ],
        "t": [
            50.0994793766647,
            122.78022957130526,
            2297.159342333625
        ]
    },
    {
        "scene_id": 10,
        "image_id": 5,
        "category_id": 0,
        "R": [
            [
                0.22204758492154608,
                0.6543597318010311,
                0.722847312451409
            ],
            [
                0.9707296695926075,
                -0.07876291745679441,
                -0.22689286759795366
            ],
            [
                -0.0915359940787734,
                0.7520703380861449,
                -0.6526955137532915
            ]
        ],
        "t": [
            212.04653160255202,
            -74.73257241566746,
            1947.2664402986518
        ]
    },
    {
        "scene_id": 10,
        "image_id": 5,
        "category_id": 0,
        "R": [
            [
                0.12602704037738421,
                0.647670376338046,
                0.7514255082164069
            ],
            [
                0.9920027192393974,
                -0.07699618916565427,
                -0.10001126854565148
            ],
            [
                -0.006917437686996802,
                0.7580202635808652,
                -0.6521943685522846
            ]
        ],
        "t": [
            5.69560815315549,
            -262.64304981943076,
            1705.0083493611364
        ]
    },
    {
        "scene_id": 10,
        "image_id": 5,
        "category_id": 0,
        "R": [
            [
                -0.08756585860591246,
                0.6700565544531396,
                0.7371271667300223
            ],
            [
                0.9817639379636321,
                -0.06729180899680555,
                0.17779607565011443
            ],
            [
                0.16873604202144996,
                0.7392537281483645,
                -0.6519448894318834
            ]
        ],
        "t": [
            167.66554001547956,
            -497.3576553176995,
            1934.2752789256108
        ]
    },
    {
        "scene_id": 10,
        "image_id": 5,
        "category_id": 0,
        "R": [
            [
                -0.1856115065352732,
                0.6562686020714228,
                0.7313411763789602
            ],
            [
                0.9638149434879314,
                -0.02333191980170117,
                0.2655493140420916
            ],
            [
                0.19133526620685512,
                0.754166554679711,
                -0.6281908062227258
            ]
        ],
        "t": [
            391.9386943908087,
            -242.3941613975045,
            2119.6688057029087
        ]
    },
    {
        "scene_id": 10,
        "image_id": 5,
        "category_id": 0,
        "R": [
            [
                0.3517404581496492,
                0.6197285290018207,
                0.7015805200633413
            ],
            [
                0.9216286509548448,
                -0.09800121232384865,
                -0.3754949454822406
            ],
            [
                -0.1639491890226137,
                0.7786734641556959,
                -0.6056305515355599
            ]
        ],
        "t": [
            201.77692844899593,
            -426.5614337390147,
            1852.1539950305603
        ]
    },
    {
        "scene_id": 10,
        "image_id": 5,
        "category_id": 0,
        "R": [
            [
                -0.138057185856424,
                0.664838465002346,
                0.7341185562136152
            ],
            [
                0.9643303418103771,
                -0.07878906576592809,
                0.25270405010627645
            ],
            [
                0.22584788303202574,
                0.7428204003801894,
                -0.6302465008420424
            ]
        ],
        "t": [
            5.881822934748925,
            -186.35115655402075,
            1712.092625305585
        ]
    }
]