[
    {
        "scene_id": 14,
        "image_id": 4,
        "category_id": 0,
        "R": [
            [
                0.7662837577841408,
                -0.14757667384512427,
                0.6253242055811009
            ],
            [
                0.6110834175821083,
                -0.1332262178200442,
                -0.7802742586020703
            ],
            [
                0.19845984622704407,
                0.9800366727321939,
                -0.011907415329546669
            ]
        ],
        "t": [
            -134.69303325580722,
            -71.99012469215494,
            1775.5546847754274
        ]
    },
    {
        "scene_id": 14,
        "image_id": 4,
        "category_id": 0,
        "R": [
            [
                -0.4095540701903695,
                0.009311728072361572,
                0.9122383402945838
            ],
            [
                0.8979997738725385,
                -0.17215458718617724,
                0.4049188699370535
            ],
            [
                0.16081648628126635,
                0.9850259251159926,
                0.06214468274769331
            ]
        ],
        "t": [
            352.1617276025652,
            -429.0162346338208,
            1963.6174518379607
        ]
    },
    {
        "scene_id": 14,
        "image_id": 4,
        "category_id": 0,
        "R": [
            [
                0.08138858778651138,
                0.07242091213607868,
                0.9940478577292468
            ],
            [
                0.9809210120872685,
                -0.18248989769191426,
                -0.06701859653527498
            ],
            [
                0.17655012367761838,
                0.9805369111263468,
                -0.08589177348560277
            ]
        ],
        "t": [
            -35.83424860523564,
            -454.852993096944,
            1832.4623172013696
        ]
    },
    {
        "scene_id": 14,
        "image_id": 4,
        "category_id": 0,
        "R": [
            [
                0.9902316786458699,
                -0.09612884756480536,
                0.1009975319730833
            ],
            [
                0.10544631868186208,
                0.04237041626512746,
                -0.9935219719248474
            ],
            [
                0.09122681645491033,
                0.9944666750272604,
                0.052092967126179814
            ]
        ],
        "t": [
            262.45894326405005,
            -54.957526934095796,
            1927.8036232202799
        ]
    }
]