[
    {
        "scene_id": 12,
        "image_id": 1,
        "category_id": 0,
        "R": [
            [
                -0.7447947413940995,
                0.6643179381236246,
                0.06294835954420779
            ],
            [
                0.12668179782961764,
                0.04814609849528101,
                0.9907743119696035
            ],
            [
                0.6551584222714532,
                0.7458979005986042,
                -0.12001595278981397
            ]
        ],
        "t": [
            -114.78053639229279,
            -140.77658180400422,
            1967.4324649100276
        ]
    },
    {
        "scene_id": 12,
        "image_id": 1,
        "category_id": 0,
        "R": [
            [
                -0.5626685310698889,
                0.789367968731328,
                0.24556538798264066
            ],
            [
                0.4840466367997705,
                0.07378432648780486,
                0.8719259077055083
            ],
            [
                0.6701514970193798,
                0.609470363138804,
                -0.4236070263968836
            ]
        ],
        "t": [
            33.38761201839179,
            -228.90502121326173,
            1877.5792445296977
        ]
    },
    {
        "scene_id": 12,
        "image_id": 1,
        "category_id": 0,
        "R": [
            [
                0.22588511519788676,
                0.6526583032592187,
                0.7231964322431833
            ],
            [
                0.9610228645796423,
                -0.027815245056866,
                -0.27506622449524276
            ],
            [
                -0.15940836988693477,
                0.757141664610733,
                -0.6335025940240103
            ]
        ],
        "t": [
            -92.00389734525447,
            -488.4149078306116,
            1988.9064515094394
        ]
    },
    {
        "scene_id": 12,
        "image_id": 1,
        "category_id": 0,
        "R": [
            [
                0.8646087647216187,
                0.4293977514180488,
                0.2609009021335786
            ],
            [
                0.34434904318588855,
                -0.12827155325967943,
                -0.9300377449554483
            ],
            [
                -0.36588994892148985,
                0.8939597523052675,
                -0.25876740878867777
            ]
        ],
        "t": [
            -346.6955979449016,
            84.43385592876734,
            2117.1092157506337
        ]
    },
    {
        "scene_id": 12,
        "image_id": 1,
        "category_id": 0,
        "R": [
            [
                0.6750689031708511,
                0.6234044829874439,
                0.39452357629588636
            ],
            [
                0.5523207427147815,
                -0.07252803020341005,
                -0.8304706761603975
            ],
            [
                -0.48910512031884934,
                0.778528474846205,
                -0.39328063828034726
            ]
        ],
        "t": [
            -103.31943258284764,
            -547.0020742621773,
            2246.0908972654433
        ]
    }
]