[
    {
        "scene_id": 6,
        "image_id": 2,
        "category_id": 1,
        "R": [
            [
                0.4197936699971536,
                0.8834483937376303,
                -0.20806795351366678
            ],
            [
                0.800779703228349,
                -0.46842349902355557,
                -0.37327100910850713
            ],
            [
                -0.427229577249719,
                -0.0099197844882688,
                -0.9040887093771421
            ]
        ],
        "t": [
            103.8504392010311,
            -136.81265921201935,
            1727.0483351744228
        ]
    },
    {
        "scene_id": 6,
        "image_id": 2,
        "category_id": 1,
        "R": [
            [
                0.4198802286538477,
                0.8833555898354924,
                -0.20828720205194115
            ],
            [
                0.8007449446663185,
                -0.4685943224990924,
                -0.3731311408791665
            ],
            [
                -0.42720966437347324,
                -0.010114532558701853,
                -0.9040959612350435
            ]
        ],
        "t": [
            -34.02181618401144,
            -239.96128097615372,
            1695.389762321334
        ]
    },
    {
        "scene_id": 6,
        "image_id": 2,
        "category_id": 1,
        "R": [
            [
                0.419772301423901,
                0.8834690016679256,
                -0.20802355899225453
            ],
            [
                0.8007886191845719,
                -0.46838542817246687,
                -0.3732996542203035
            ],
            [
                -0.42723386158978194,
                -0.009882040832371573,
                -0.9040870981296901
            ]
        ],
        "t": [
            26.9901345896574,
            -459.291819882361,
            1763.0936471934474
        ]
    }
]