[
    {
        "scene_id": 13,
        "image_id": 2,
        "category_id": 0,
        "R": [
            [
                -0.6114047906639698,
                0.6587056298398337,
                0.43851009208556296
            ],
            [
                0.5981554749949564,
                0.021911509421280527,
                0.8010805049737143
            ],
            [
                0.5180678130983777,
                0.7520816626414424,
                -0.4074051780041817
            ]
        ],
        "t": [
            -38.28781033299242,
            -294.84296484607444,
            1957.8131108837017
        ]
    },
    {
        "scene_id": 13,
        "image_id": 2,
        "category_id": 0,
        "R": [
            [
                0.2969292356093531,
                0.6010842587403519,
                0.7419776065525436
            ],
            [
                0.9512540320983199,
                -0.2540272311140401,
                -0.17488851943373718
            ],
            [
                0.08335977770115116,
                0.7577386967207629,
                -0.6472119284038311
            ]
        ],
        "t": [
            57.99768186779056,
            -297.119608227447,
            1924.2746321712575
        ]
    },
    {
        "scene_id": 13,
        "image_id": 2,
        "category_id": 0,
        "R": [
            [
                0.5394386115688896,
                0.5955029288223653,
                -0.5953001526986595
            ],
            [
                -0.7646200466001701,
                0.05034045814153057,
                -0.6425123225057684
            ],
            [
                -0.35265028143110283,
                0.8017743767908211,
                0.4824890600240853
            ]
        ],
        "t": [
            -338.75950912355665,
            -82.05442988489143,
            2118.0686805248115
        ]
    },
    {
        "scene_id": 13,
        "image_id": 2,
        "category_id": 0,
        "R": [
            [
                0.8367728359183064,
                0.5287969798409136,
                0.14207392748424147
            ],
            [
                0.19581162413269046,
                -0.04667989609872949,
                -0.9795299163962438
            ],
            [
                -0.5113404597671072,
                0.8474637433282487,
                -0.14260506044284352
            ]
        ],
        "t": [
            8.68792897207777,
            -345.3874763283206,
            1941.987547415334
        ]
    },
    {
        "scene_id": 13,
        "image_id": 2,
        "category_id": 0,
        "R": [
            [
                0.78144624219714,
                0.583300856436745,
                0.22158950139066325
            ],
            [
                0.3061108568961613,
                -0.04892089109699709,
                -0.9507381088738771
            ],
            [
                -0.5437259917026972,
                0.8107816659077347,
                -0.21678376666500712
            ]
        ],
        "t": [
            -26.96969405292043,
            -393.50441991797254,
            1950.8990726387158
        ]
    },
    {
        "scene_id": 13,
        "image_id": 2,
        "category_id": 0,
        "R": [
            [
                0.5394220681163211,
                0.6310279645033399,
                0.5575191172814761
            ],
            [
                0.7691443822705426,
                -0.09978450319461926,
                -0.63123690806572
            ],
            [
                -0.3426963709608198,
                0.7693158073551207,
                -0.5391775692649814
            ]
        ],
        "t": [
            -320.0994864166387,
            -438.63627279829893,
            2040.1882241026626
        ]
    },
    {
        "scene_id": 13,
        "image_id": 2,
        "category_id": 0,
        "R": [
            [
                0.6894842761396799,
                0.5700315241257715,
                0.4468506687355696
            ],
            [
                0.5843548421384008,
                -0.07326965056892294,
                -0.8081837901959026
            ],
            [
                -0.4279496417697778,
                0.818349358795158,
                -0.38361894685135656
            ]
        ],
        "t": [
            41.50556578418923,
            -398.6175702255772,
            1918.6646582856413
        ]
    },
    {
        "scene_id": 13,
        "image_id": 2,
        "category_id": 0,
        "R": [
            [
                0.4294759712133291,
                0.6736044481999243,
                0.6015043334890261
            ],
            [
                0.8661334668072331,
                -0.1186777741099968,
                -0.48551875923519433
            ],
            [
                -0.2556623996220641,
                0.7295016667044726,
                -0.6344005997865673
            ]
        ],
        "t": [
            -143.1354860142569,
            -484.01414255645193,
            1991.6062230917166
        ]
    },
    {
        "scene_id": 13,
        "image_id": 2,
        "category_id": 0,
        "R": [
            [
                0.3886231247143673,
                0.6299826504068953,
                0.6723793221195752
            ],
            [
                0.8874893413575615,
                -0.05978968881348455,
                -0.45693317241015763
            ],
            [
                -0.24765861986831753,
                0.7743042706928723,
                -0.5823385353094631
            ]
        ],
        "t": [
            36.070798725293116,
            -64.87761601229104,
            1987.0074941909604
        ]
    },
    {
        "scene_id": 13,
        "image_id": 2,
        "category_id": 0,
        "R": [
            [
                -0.08153452155738923,
                0.653597678374955,
                0.752437520534237
            ],
            [
                0.9931347152549606,
                -0.010256683099625507,
                0.11652596177566688
            ],
            [
                0.08387860787519816,
                0.7567727030419358,
                -0.6482742632452654
            ]
        ],
        "t": [
            -42.09432868159547,
            -308.12669525322246,
            1948.8749805602422
        ]
    },
    {
        "scene_id": 13,
        "image_id": 2,
        "category_id": 0,
        "R": [
            [
                0.6552443295213924,
                0.6009572641934751,
                -0.45771744661263286
            ],
            [
                -0.6268532206826575,
                0.09442588033364624,
                -0.7733943721048773
            ],
            [
                -0.42155658668578677,
                0.7936839234856877,
                0.4385840160526426
            ]
        ],
        "t": [
            -130.64279980025822,
            -431.92418878543845,
            1761.4877213778955
        ]
    }
]