[
    {
        "scene_id": 6,
        "image_id": 2,
        "category_id": 1,
        "R": [
            [
                0.06433530571460015,
                0.6773058244389311,
                -0.7328831772597102
            ],
            [
                0.8066903861393196,
                -0.46762780143246147,
                -0.36135139408099254
            ],
            [
                -0.5874619560201682,
                -0.5679621711831712,
                -0.5764610604888469
            ]
        ],
        "t": [
            -79.12259410392608,
            -159.68181510391474,
            2015.8448251101524
        ]
    },
    {
        "scene_id": 6,
        "image_id": 2,
        "category_id": 1,
        "R": [
            [
                0.06441487768128955,
                0.6771099234771286,
                -0.7330571860043942
            ],
            [
                0.8066554265828965,
                -0.4677960830828333,
                -0.36121159613606485
            ],
            [
                -0.5875012397597931,
                -0.5680571666330236,
                -0.5763274075069117
            ]
        ],
        "t": [
            -207.06823783832056,
            -262.496996521768,
            2076.751405292629
        ]
    },
    {
        "scene_id": 6,
        "image_id": 2,
        "category_id": 1,
        "R": [
            [
                0.06431606138757992,
                0.6773458697551206,
                -0.7328478558772259
            ],
            [
                0.8066993432797409,
                -0.46759022180115933,
                -0.36138002683382503
            ],
            [
                -0.5874517633149032,
                -0.5679453544039749,
                -0.5764880155868152
            ]
        ],
        "t": [
            -118.77954369266263,
            -482.6661998577997,
            2088.700810413073
        ]
    }
]