[
    {
        "scene_id": 14,
        "image_id": 3,
        "category_id": 0,
        "R": [
            [
                0.7912172023706636,
                -0.0526672294598141,
                0.6092631088506644
            ],
            [
                0.6090982166793507,
                -0.02098571443957292,
                -0.7928171600204992
            ],
            [
                0.05454130316606184,
                0.9983915761447104,
                0.015475268544049669
            ]
        ],
        "t": [
            416.7268370920864,
            -51.14288984401915,
            1726.0231301587196
        ]
    },
    {
        "scene_id": 14,
        "image_id": 3,
        "category_id": 0,
        "R": [
            [
                -0.875225315778659,
                0.20208451239523534,
                0.4394798410197391
            ],
            [
                0.436010894323583,
                -0.06384379560307953,
                0.8976739702083465
            ],
            [
                0.20946404076668254,
                0.9772849145278294,
                -0.032233344013739375
            ]
        ],
        "t": [
            202.61313222571795,
            -421.60316764376427,
            1707.6672540872644
        ]
    },
    {
        "scene_id": 14,
        "image_id": 3,
        "category_id": 0,
        "R": [
            [
                -0.24535000597115764,
                0.07479962399420124,
                0.9665445799407739
            ],
            [
                0.9688842901563789,
                -0.014669587754799237,
                0.247079182609032
            ],
            [
                0.032660227639032154,
                0.9970906671065002,
                -0.06887298529875091
            ]
        ],
        "t": [
            211.3209779857146,
            30.508679308673607,
            1703.0313088562477
        ]
    },
    {
        "scene_id": 14,
        "image_id": 3,
        "category_id": 0,
        "R": [
            [
                0.9191446712034471,
                -0.01269851645104831,
                0.3937154496217522
            ],
            [
                0.3910367280952764,
                -0.09129783225814375,
                -0.9158357222236849
            ],
            [
                0.047575123861385064,
                0.9957426538714536,
                -0.07895031256993444
            ]
        ],
        "t": [
            371.58989485364566,
            -104.75633144380778,
            1721.40611520236
        ]
    },
    {
        "scene_id": 14,
        "image_id": 3,
        "category_id": 0,
        "R": [
            [
                -0.31892432696607875,
                -0.05607496906347213,
                0.9461199214192524
            ],
            [
                0.9473293264953854,
                0.011928415672710902,
                0.32003897740245896
            ],
            [
                -0.029231896346444488,
                0.998355290817173,
                0.04931720326244729
            ]
        ],
        "t": [
            175.69068671621167,
            -24.395894027650684,
            1710.2477492986284
        ]
    }
]