[
    {
        "scene_id": 13,
        "image_id": 1,
        "category_id": 0,
        "R": [
            [
                -0.4781010638519087,
                0.306862635985186,
                0.8229548644655651
            ],
            [
                0.8009905646074525,
                -0.2320607759961331,
                0.5518713597282762
            ],
            [
                0.3603242350710843,
                0.9230292899300225,
                -0.13484554927734338
            ]
        ],
        "t": [
            328.1669278943034,
            -35.74549018928292,
            1754.6648504028474
        ]
    },
    {
        "scene_id": 13,
        "image_id": 1,
        "category_id": 0,
        "R": [
            [
                -0.7671912064407763,
                0.30766387345459234,
                0.5628148961234971
            ],
            [
                0.531289403847892,
                -0.18680957465013118,
                0.8263376054691073
            ],
            [
                0.35937342421578355,
                0.9329764595657181,
                -0.020139872686603322
            ]
        ],
        "t": [
            -17.46807917680468,
            -91.20608570045465,
            1763.281495599102
        ]
    },
    {
        "scene_id": 13,
        "image_id": 1,
        "category_id": 0,
        "R": [
            [
                -0.725702506821434,
                0.29311638088521247,
                0.6224457184505982
            ],
            [
                0.565396135842648,
                -0.2614217164886254,
                0.7822953289882101
            ],
            [
                0.3920243864175158,
                0.9196420090993871,
                0.023987541804133337
            ]
        ],
        "t": [
            447.2875315721027,
            402.71830013599595,
            1743.9327469041345
        ]
    },
    {
        "scene_id": 13,
        "image_id": 1,
        "category_id": 0,
        "R": [
            [
                0.6338055885096958,
                0.22488543833466348,
                -0.7400790695368601
            ],
            [
                -0.7265899220700143,
                -0.15501256571770547,
                -0.6693566132117722
            ],
            [
                -0.2652501067798209,
                0.9619758785670958,
                0.06515164247008744
            ]
        ],
        "t": [
            278.52309195609496,
            -74.15061649338998,
            1761.6133015482778
        ]
    },
    {
        "scene_id": 13,
        "image_id": 1,
        "category_id": 0,
        "R": [
            [
                0.8405748681745288,
                0.021774618013871365,
                0.5412575824608508
            ],
            [
                0.5282728892362815,
                -0.25400442570653126,
                -0.8101910837906554
            ],
            [
                0.11984022290715966,
                0.9669578906622295,
                -0.22501267801572114
            ]
        ],
        "t": [
            316.6530938989448,
            -34.59175371507786,
            1669.0594753166808
        ]
    },
    {
        "scene_id": 13,
        "image_id": 1,
        "category_id": 0,
        "R": [
            [
                0.855152533909142,
                0.17823128328372942,
                0.48677280837722375
            ],
            [
                0.5183761655674417,
                -0.29505710322045164,
                -0.8026378653198354
            ],
            [
                0.0005706098034650815,
                0.938709147807857,
                -0.344709670352446
            ]
        ],
        "t": [
            250.390150604018,
            439.04544099732027,
            1787.8405784522615
        ]
    }
]