[
    {
        "scene_id": 11,
        "image_id": 2,
        "category_id": 1,
        "R": [
            [
                0.31791968943378274,
                0.8720614370852166,
                -0.3720697980041301
            ],
            [
                0.8987446246418102,
                -0.40217548237024786,
                -0.17467989893556693
            ],
            [
                -0.30196891075096394,
                -0.27886153934120333,
                -0.9116199676533655
            ]
        ],
        "t": [
            53.55844088178918,
            355.5110941861634,
            1776.739521575449
        ]
    },
    {
        "scene_id": 11,
        "image_id": 2,
        "category_id": 1,
        "R": [
            [
                0.31778947836580235,
                0.8722786496118253,
                -0.3716716540698274
            ],
            [
                0.8987890214927855,
                -0.4019759316658161,
                -0.17491063786936853
            ],
            [
                -0.3019738309881722,
                -0.27846962954767945,
                -0.9117381298520407
            ]
        ],
        "t": [
            340.8542621011335,
            -66.53251355733278,
            1757.2636547435516
        ]
    },
    {
        "scene_id": 11,
        "image_id": 2,
        "category_id": 1,
        "R": [
            [
                0.3178992751935076,
                0.8721127146567155,
                -0.37196703796596936
            ],
            [
                0.8987498931874573,
                -0.4021376849471845,
                -0.17473980048999188
            ],
            [
                -0.3019747218552371,
                -0.27875566733852875,
                -0.9116504219794426
            ]
        ],
        "t": [
            203.00976505612414,
            366.83459439717876,
            1805.098345713393
        ]
    },
    {
        "scene_id": 11,
        "image_id": 2,
        "category_id": 1,
        "R": [
            [
                0.3179599098129936,
                0.8720312351203248,
                -0.3721062137265029
            ],
            [
                0.898727142118783,
                -0.4022232417675476,
                -0.1746598804403529
            ],
            [
                -0.3019785954005401,
                -0.2788871018067726,
                -0.911608939718083
            ]
        ],
        "t": [
            372.4411050014294,
            130.60882558200638,
            1795.7690317814493
        ]
    },
    {
        "scene_id": 11,
        "image_id": 2,
        "category_id": 1,
        "R": [
            [
                0.3178003903476726,
                0.8722385574531365,
                -0.3717564045912035
            ],
            [
                0.8987878592324092,
                -0.4020006014773054,
                -0.17485990547503022
            ],
            [
                -0.30196580652351757,
                -0.27855958445481577,
                -0.9117133081222156
            ]
        ],
        "t": [
            192.9511311639776,
            -29.27447877397799,
            1719.6011107651198
        ]
    },
    {
        "scene_id": 11,
        "image_id": 2,
        "category_id": 1,
        "R": [
            [
                0.31807227938833244,
                0.8718806501118581,
                -0.3723629554787566
            ],
            [
                0.8986863913785679,
                -0.4023802135742039,
                -0.17450793594955724
            ],
            [
                -0.3019815347659693,
                -0.2791313713807873,
                -0.9115332011395212
            ]
        ],
        "t": [
            66.9072232949157,
            10.197529379787625,
            1711.8746160486437
        ]
    },
    {
        "scene_id": 11,
        "image_id": 2,
        "category_id": 1,
        "R": [
            [
                0.31787247804528235,
                0.8721548915743297,
                -0.3718910409944841
            ],
            [
                0.8987607168869207,
                -0.4020962552079618,
                -0.17477946493530547
            ],
            [
                -0.3019707167864505,
                -0.2786834646027788,
                -0.9116738229041467
            ]
        ],
        "t": [
            462.04964259652456,
            -135.71481948366863,
            1806.971880256294
        ]
    },
    {
        "scene_id": 11,
        "image_id": 2,
        "category_id": 1,
        "R": [
            [
                0.31783383984862384,
                0.8721928227774591,
                -0.37183510284830174
            ],
            [
                0.8987750270671453,
                -0.40204845965695013,
                -0.1748158254917317
            ],
            [
                -0.30196879521528547,
                -0.2786337071725422,
                -0.9116896678978582
            ]
        ],
        "t": [
            192.79574055971568,
            186.38564442340333,
            1762.4066415812465
        ]
    },
    {
        "scene_id": 11,
        "image_id": 2,
        "category_id": 1,
        "R": [
            [
                0.31777051660613354,
                0.8723086008564197,
                -0.37161756849673616
            ],
            [
                0.8987976087325428,
                -0.40194568672370073,
                -0.174936015432228
            ],
            [
                -0.3019682261955768,
                -0.2784194615728918,
                -0.911755307302321
            ]
        ],
        "t": [
            0.46524380835529655,
            220.41643184206896,
            1732.289010887547
        ]
    }
]