[
    {
        "scene_id": 11,
        "image_id": 4,
        "category_id": 1,
        "R": [
            [
                0.3179434206672122,
                0.8720844660255238,
                -0.3719955361816179
            ],
            [
                0.8987303101338857,
                -0.40218817403297796,
                -0.17472432100053634
            ],
            [
                -0.3019865281933016,
                -0.27877120292880075,
                -0.9116417606799164
            ]
        ],
        "t": [
            46.20477522752202,
            354.4182175637192,
            1774.5215562105425
        ]
    },
    {
        "scene_id": 11,
        "image_id": 4,
        "category_id": 1,
        "R": [
            [
                0.31748213521310065,
                0.87268415131339,
                -0.370981777766239
            ],
            [
                0.8989025970702806,
                -0.40154658456448183,
                -0.1753127132849583
            ],
            [
                -0.3019590487700808,
                -0.2778178166350118,
                -0.9119418513448189
            ]
        ],
        "t": [
            339.7287784835238,
            -66.58931749167846,
            1757.5543590555976
        ]
    },
    {
        "scene_id": 11,
        "image_id": 4,
        "category_id": 1,
        "R": [
            [
                0.31792687389285135,
                0.8720815517126083,
                -0.372016509831067
            ],
            [
                0.8987391953483224,
                -0.40217416559860775,
                -0.17471086200961505
            ],
            [
                -0.30197750563967346,
                -0.278800528126004,
                -0.9116357815556025
            ]
        ],
        "t": [
            465.12472073290496,
            -139.73067147782137,
            1812.1997029753709
        ]
    },
    {
        "scene_id": 11,
        "image_id": 4,
        "category_id": 1,
        "R": [
            [
                0.31793629277893787,
                0.8720743916026985,
                -0.3720252448590133
            ],
            [
                0.8987354981433804,
                -0.40218502542947865,
                -0.1747048818198527
            ],
            [
                -0.3019785926541639,
                -0.2788072589218051,
                -0.9116333630135045
            ]
        ],
        "t": [
            319.25377074198127,
            -58.20413958070537,
            1681.764312795509
        ]
    },
    {
        "scene_id": 11,
        "image_id": 4,
        "category_id": 1,
        "R": [
            [
                0.31790404206243655,
                0.8721176964815562,
                -0.37195128322363546
            ],
            [
                0.8987474895121198,
                -0.40213963046823564,
                -0.17474768592734627
            ],
            [
                -0.30197685747110964,
                -0.27873727394272885,
                -0.9116553385326287
            ]
        ],
        "t": [
            197.84410929183946,
            374.1933515914965,
            1773.0273173680068
        ]
    },
    {
        "scene_id": 11,
        "image_id": 4,
        "category_id": 1,
        "R": [
            [
                0.3179244897443081,
                0.8720863648572416,
                -0.3720072642013107
            ],
            [
                0.8987408906830566,
                -0.40216930620097907,
                -0.17471332690575864
            ],
            [
                -0.30197497006614477,
                -0.27879248227929615,
                -0.9116390820309819
            ]
        ],
        "t": [
            175.92699268662625,
            364.92317201696153,
            1813.7224138581382
        ]
    },
    {
        "scene_id": 11,
        "image_id": 4,
        "category_id": 1,
        "R": [
            [
                0.31798280747220165,
                0.8720075258148239,
                -0.3721422075524977
            ],
            [
                0.8987178915601557,
                -0.40225283824727526,
                -0.17463931844263733
            ],
            [
                -0.3019820157719429,
                -0.27891854696944157,
                -0.911598186107762
            ]
        ],
        "t": [
            2.067210272308955,
            275.8400714958497,
            2165.575268895797
        ]
    },
    {
        "scene_id": 11,
        "image_id": 4,
        "category_id": 1,
        "R": [
            [
                0.31797268222768704,
                0.872018859678938,
                -0.3721243008576779
            ],
            [
                0.8987221381450177,
                -0.4022392082406715,
                -0.17464885856024254
            ],
            [
                -0.3019800391972862,
                -0.27890276892976584,
                -0.911603668278001
            ]
        ],
        "t": [
            -27.920771473975435,
            84.45381850063666,
            1743.4559693394347
        ]
    },
    {
        "scene_id": 11,
        "image_id": 4,
        "category_id": 1,
        "R": [
            [
                0.3180722672358005,
                0.8718786155377062,
                -0.37236772973926047
            ],
            [
                0.8986836024403079,
                -0.4023837397007946,
                -0.17451416780234016
            ],
            [
                -0.3019898472189517,
                -0.2791326433742749,
                -0.9115300577533121
            ]
        ],
        "t": [
            64.61106359166524,
            9.383447848652281,
            1712.907987706547
        ]
    },
    {
        "scene_id": 11,
        "image_id": 4,
        "category_id": 1,
        "R": [
            [
                0.31794624148988715,
                0.8720499780460589,
                -0.37207396694738326
            ],
            [
                0.8987324216580768,
                -0.4022036424487452,
                -0.17467784718160564
            ],
            [
                -0.3019772741336766,
                -0.2788567599819628,
                -0.9116186592689668
            ]
        ],
        "t": [
            105.76374439390531,
            -118.67747806906368,
            1726.4538496788782
        ]
    }
]