[
    {
        "scene_id": 1,
        "image_id": 0,
        "category_id": 14,
        "R": [
            [
                0.9882852934936154,
                -0.10920254569992069,
                -0.10661605262292749
            ],
            [
                -0.11430442208310414,
                -0.9925165398202512,
                -0.042958320212518386
            ],
            [
                -0.10112703771240257,
                0.054641762379067337,
                -0.9933718337297585
            ]
        ],
        "t": [
            -55.03651226357903,
            187.62999385292983,
            1871.149217506749
        ]
    },
    {
        "scene_id": 1,
        "image_id": 0,
        "category_id": 14,
        "R": [
            [
                0.8466942359005942,
                -0.3628034206620335,
                -0.3892075909442628
            ],
            [
                0.5316027649395964,
                0.607775004520013,
                0.5899220661996583
            ],
            [
                0.022524901804122033,
                -0.7063874445632695,
                0.7074668946050331
            ]
        ],
        "t": [
            6.0962945892166545,
            6.387630399891577,
            1832.1573655682869
        ]
    },
    {
        "scene_id": 1,
        "image_id": 0,
        "category_id": 14,
        "R": [
            [
                0.9460070295967558,
                0.11109735094072498,
                -0.3045128545192727
            ],
            [
                0.3219741668286573,
                -0.4306292493868163,
                0.8431435734603799
            ],
            [
                -0.03746112449612639,
                -0.8956650200753073,
                -0.44314877407591396
            ]
        ],
        "t": [
            80.86462005188923,
            307.22786299372353,
            1923.9394047664184
        ]
    }
]