[
    {
        "scene_id": 11,
        "image_id": 1,
        "category_id": 0,
        "R": [
            [
                -0.45759897291462337,
                0.32069846940973545,
                0.829310367277158
            ],
            [
                0.7530196006363313,
                -0.35620040625077243,
                0.5532475374357432
            ],
            [
                0.4728263089492404,
                0.8776523913400168,
                -0.07849527469076883
            ]
        ],
        "t": [
            224.36866019380204,
            247.33158100616265,
            1904.3329271099574
        ]
    },
    {
        "scene_id": 11,
        "image_id": 1,
        "category_id": 0,
        "R": [
            [
                0.19556455320648844,
                0.20029526138615003,
                0.9600189203151367
            ],
            [
                0.9428584833394739,
                -0.307677958201323,
                -0.1278758791417742
            ],
            [
                0.26976372927328673,
                0.930169894286578,
                -0.24902097248958263
            ]
        ],
        "t": [
            240.68708931998924,
            344.2896336327258,
            1917.5812528729684
        ]
    },
    {
        "scene_id": 11,
        "image_id": 1,
        "category_id": 0,
        "R": [
            [
                -0.986253140853224,
                0.13829789314315077,
                -0.09043477471059914
            ],
            [
                -0.10551423382069221,
                -0.10589574117603325,
                0.9887633308817839
            ],
            [
                0.12716721572377324,
                0.9847130189102754,
                0.11903241676899387
            ]
        ],
        "t": [
            -208.62647608605124,
            355.7712390406135,
            1941.3685466274005
        ]
    },
    {
        "scene_id": 11,
        "image_id": 1,
        "category_id": 0,
        "R": [
            [
                -0.9293754777721135,
                0.28384922572110644,
                0.23598909284334263
            ],
            [
                0.195495281521252,
                -0.16380500651966629,
                0.9669279191214036
            ],
            [
                0.3131179163819115,
                0.9447737750194881,
                0.09674518636225635
            ]
        ],
        "t": [
            186.05962002183742,
            299.6391624228819,
            1918.0198527999228
        ]
    },
    {
        "scene_id": 11,
        "image_id": 1,
        "category_id": 0,
        "R": [
            [
                -0.8590772633760071,
                0.23720393398005915,
                0.45356428741956173
            ],
            [
                0.4361695122451237,
                -0.12445347156130042,
                0.8912169074016836
            ],
            [
                0.2678477958358853,
                0.9634550194262097,
                0.0034540434988814565
            ]
        ],
        "t": [
            126.27926446136712,
            262.2830195759965,
            1902.8583406310654
        ]
    },
    {
        "scene_id": 11,
        "image_id": 1,
        "category_id": 0,
        "R": [
            [
                0.4752699095645402,
                0.2354737142328354,
                0.8477444523767451
            ],
            [
                0.8608671501287422,
                -0.3234705838585755,
                -0.39277807632534684
            ],
            [
                0.18173148607128375,
                0.9164708741967086,
                -0.3564474019089442
            ]
        ],
        "t": [
            231.91685476534997,
            392.3310485068647,
            1925.5580939138965
        ]
    },
    {
        "scene_id": 11,
        "image_id": 1,
        "category_id": 0,
        "R": [
            [
                0.9449868026113265,
                0.08615223148628803,
                -0.315559423037874
            ],
            [
                -0.29356203993999963,
                -0.20218917714359816,
                -0.9343130906643078
            ],
            [
                -0.144295853196306,
                0.9755497289570854,
                -0.1657750876648844
            ]
        ],
        "t": [
            121.02249585404707,
            163.38614279023585,
            1884.6183708600236
        ]
    },
    {
        "scene_id": 11,
        "image_id": 1,
        "category_id": 0,
        "R": [
            [
                0.32408753597855944,
                0.1645064277904174,
                0.9316141464182596
            ],
            [
                0.9353126586168755,
                -0.2035089457668163,
                -0.2894381206032482
            ],
            [
                0.1419773918103576,
                0.9651537130164629,
                -0.21981964669577483
            ]
        ],
        "t": [
            138.96947682781735,
            290.0034638215832,
            2158.8008300025417
        ]
    },
    {
        "scene_id": 11,
        "image_id": 1,
        "category_id": 0,
        "R": [
            [
                0.2352760963151875,
                0.2168599168274266,
                0.9474264871450071
            ],
            [
                0.9422456853316598,
                -0.28996008796914874,
                -0.16761951525172725
            ],
            [
                0.23836591648850042,
                0.9321453070780672,
                -0.27255598132700265
            ]
        ],
        "t": [
            111.32760687832666,
            408.5453816720033,
            1956.875024945205
        ]
    },
    {
        "scene_id": 11,
        "image_id": 1,
        "category_id": 0,
        "R": [
            [
                -0.618728758172968,
                0.3881315703551491,
                0.6830290048533985
            ],
            [
                0.6042173123340157,
                -0.320560139237588,
                0.7294948407235426
            ],
            [
                0.5020918261303869,
                0.8640573131789911,
                -0.03617601806651574
            ]
        ],
        "t": [
            189.23366402429167,
            320.0889239267379,
            2051.823207497695
        ]
    },
    {
        "scene_id": 11,
        "image_id": 1,
        "category_id": 0,
        "R": [
            [
                -0.6654022163589132,
                0.39585198103609387,
                0.6328831749557626
            ],
            [
                0.5703255082523422,
                -0.27742484944016904,
                0.7731522188962769
            ],
            [
                0.4816313329463014,
                0.8754065452897735,
                -0.041165351891910645
            ]
        ],
        "t": [
            -171.58157734768042,
            426.0218648302373,
            2092.699903003361
        ]
    },
    {
        "scene_id": 11,
        "image_id": 1,
        "category_id": 0,
        "R": [
            [
                0.4557559636996738,
                0.21827616784427026,
                0.8629264335220249
            ],
            [
                0.8770079952837773,
                -0.2758123007090501,
                -0.39342678737007675
            ],
            [
                0.1521300417233813,
                0.9360999083627444,
                -0.3171330297788231
            ]
        ],
        "t": [
            24.399243844337775,
            290.2037598272842,
            2395.739901064908
        ]
    },
    {
        "scene_id": 11,
        "image_id": 1,
        "category_id": 0,
        "R": [
            [
                0.7112736675406806,
                0.13289670967013612,
                0.6902378198778459
            ],
            [
                0.6984736974798482,
                -0.2438417286209071,
                -0.6728118543444576
            ],
            [
                0.07889431132591535,
                0.9606662384234667,
                -0.26626305151468044
            ]
        ],
        "t": [
            77.46901757872905,
            147.83106457176257,
            2215.714080900978
        ]
    },
    {
        "scene_id": 11,
        "image_id": 1,
        "category_id": 0,
        "R": [
            [
                0.8238558126534463,
                0.23263578072866756,
                0.5168580144000218
            ],
            [
                0.5639960879176281,
                -0.2458862332730637,
                -0.7883200232994371
            ],
            [
                -0.056303156625639894,
                0.940967854061142,
                -0.33378046495526076
            ]
        ],
        "t": [
            65.28870974958937,
            381.7375587023704,
            2083.611822798313
        ]
    },
    {
        "scene_id": 11,
        "image_id": 1,
        "category_id": 0,
        "R": [
            [
                -0.4312342786916851,
                0.27171780316673105,
                0.8603525125732749
            ],
            [
                0.79991398741992,
                -0.3259464140801742,
                0.5038815673475947
            ],
            [
                0.41734239491755487,
                0.9054989365769328,
                -0.07679158723919746
            ]
        ],
        "t": [
            124.46563039072197,
            -93.30182490080495,
            1845.420753442177
        ]
    },
    {
        "scene_id": 11,
        "image_id": 1,
        "category_id": 0,
        "R": [
            [
                -0.5697719904783043,
                0.3146979889535683,
                0.7591607657028984
            ],
            [
                0.7030964751193622,
                -0.29158117882244045,
                0.6485644523604984
            ],
            [
                0.4254589030805644,
                0.9032970417566116,
                -0.05512823914682242
            ]
        ],
        "t": [
            149.76697827809136,
            177.62411681626685,
            1845.3744622738275
        ]
    },
    {
        "scene_id": 11,
        "image_id": 1,
        "category_id": 0,
        "R": [
            [
                -0.262935827104167,
                0.2662298693092507,
                0.9273545282578112
            ],
            [
                0.8920622725936138,
                -0.2990761560192038,
                0.33878967037134294
            ],
            [
                0.36754554922267835,
                0.9163378533640897,
                -0.15885576585973837
            ]
        ],
        "t": [
            71.59201872398768,
            128.3929423621882,
            1958.0926410342522
        ]
    }
]