[
    {
        "scene_id": 11,
        "image_id": 3,
        "category_id": 0,
        "R": [
            [
                -0.5650720033362334,
                0.33723375240994535,
                0.7529721381623118
            ],
            [
                0.6819790772186626,
                -0.3227081175674905,
                0.6563262109092226
            ],
            [
                0.4643255519845018,
                0.8843827359106798,
                -0.047633022217996535
            ]
        ],
        "t": [
            225.01521486529634,
            246.54143748776272,
            1906.0252215454666
        ]
    },
    {
        "scene_id": 11,
        "image_id": 3,
        "category_id": 0,
        "R": [
            [
                0.7078563552744698,
                0.14291029525855864,
                0.6917485391197405
            ],
            [
                0.693484729454641,
                -0.32670903557609327,
                -0.642137229975487
            ],
            [
                0.13423248243517047,
                0.9342578888784722,
                -0.33036916371814107
            ]
        ],
        "t": [
            240.16260550578158,
            342.5181424922325,
            1918.7063663180859
        ]
    },
    {
        "scene_id": 11,
        "image_id": 3,
        "category_id": 0,
        "R": [
            [
                0.9454872777176642,
                0.00320069585016378,
                0.32564332756522957
            ],
            [
                0.3094602286087461,
                -0.32027829267046554,
                -0.8953525943380872
            ],
            [
                0.10143073700716922,
                0.9473180659162765,
                -0.3038095360370038
            ]
        ],
        "t": [
            127.93253139411695,
            261.5561587979146,
            1909.6659158167995
        ]
    },
    {
        "scene_id": 11,
        "image_id": 3,
        "category_id": 0,
        "R": [
            [
                -0.20923656225160683,
                0.25509602483190214,
                0.9440053456944678
            ],
            [
                0.9257037125283277,
                -0.2594103814164249,
                0.2752798152046132
            ],
            [
                0.3151075701176899,
                0.9314677782758207,
                -0.18186518055038517
            ]
        ],
        "t": [
            191.7018419364141,
            51.39583665386806,
            1876.973458179441
        ]
    },
    {
        "scene_id": 11,
        "image_id": 3,
        "category_id": 0,
        "R": [
            [
                0.7170740779903304,
                0.04427526090680376,
                -0.6955893052035753
            ],
            [
                -0.6916737578242412,
                -0.0779031703312486,
                -0.7179962359400383
            ],
            [
                -0.0859780917259483,
                0.9959772795789361,
                -0.025238322327336696
            ]
        ],
        "t": [
            141.02196091834668,
            99.3137450630129,
            1866.7470100375813
        ]
    },
    {
        "scene_id": 11,
        "image_id": 3,
        "category_id": 0,
        "R": [
            [
                -0.9004785047700996,
                0.2300620787785342,
                -0.36906627578626744
            ],
            [
                -0.398956898555014,
                -0.09916596041916208,
                0.9115917899059527
            ],
            [
                0.17312386810262864,
                0.9681102724232441,
                0.18108167585365326
            ]
        ],
        "t": [
            185.80512050385335,
            299.89616515436967,
            1916.7626367224864
        ]
    },
    {
        "scene_id": 11,
        "image_id": 3,
        "category_id": 0,
        "R": [
            [
                -0.9406674790085932,
                0.2701186321158004,
                0.20537923966931743
            ],
            [
                0.1664517113399428,
                -0.1601171645525561,
                0.9729626958121691
            ],
            [
                0.2957000750008944,
                0.9494200159549135,
                0.10565531485367644
            ]
        ],
        "t": [
            -209.71405350452835,
            358.44382632347765,
            1940.726954500443
        ]
    },
    {
        "scene_id": 11,
        "image_id": 3,
        "category_id": 0,
        "R": [
            [
                -0.06937146193559256,
                0.2800217754803846,
                0.9574839001745004
            ],
            [
                0.8676821084528475,
                -0.4566691807857764,
                0.19642073216872621
            ],
            [
                0.49225545238839336,
                0.8444175677979678,
                -0.21129005512861967
            ]
        ],
        "t": [
            123.80590871300853,
            -89.05576590823443,
            1864.5054190960136
        ]
    },
    {
        "scene_id": 11,
        "image_id": 3,
        "category_id": 0,
        "R": [
            [
                0.21149955484846042,
                0.2622296368073491,
                0.9415431851202734
            ],
            [
                0.9515711969215574,
                -0.2751561740631713,
                -0.13711828141652754
            ],
            [
                0.22311494783875682,
                0.9249457541732188,
                -0.30772555710573846
            ]
        ],
        "t": [
            131.01620591598828,
            179.15983797150994,
            2116.7331703771642
        ]
    },
    {
        "scene_id": 11,
        "image_id": 3,
        "category_id": 0,
        "R": [
            [
                -0.1261100256564185,
                0.3287252882639548,
                0.9359679267220417
            ],
            [
                0.9525331816595144,
                -0.22340925368808542,
                0.20680650192526445
            ],
            [
                0.27708642322858296,
                0.9176208052476263,
                -0.2849475714009165
            ]
        ],
        "t": [
            -226.75655562044108,
            396.76348163744643,
            2173.378467359043
        ]
    },
    {
        "scene_id": 11,
        "image_id": 3,
        "category_id": 0,
        "R": [
            [
                0.34749272310761714,
                0.15497863851493146,
                0.9247867011148849
            ],
            [
                0.8967768172011411,
                -0.34304981852763367,
                -0.279478529002101
            ],
            [
                0.2739347074129154,
                0.9264439509194372,
                -0.2581885522008594
            ]
        ],
        "t": [
            58.42856703775641,
            134.11163096834764,
            1896.5468698787643
        ]
    },
    {
        "scene_id": 11,
        "image_id": 3,
        "category_id": 0,
        "R": [
            [
                0.9203168141420885,
                -0.06811743578008088,
                0.38519733918829624
            ],
            [
                0.3607607515983918,
                -0.2328832148037826,
                -0.9031152608627804
            ],
            [
                0.15122388718107332,
                0.9701161618022202,
                -0.18975224679609592
            ]
        ],
        "t": [
            119.33125173074171,
            -83.34088854617141,
            1748.944453106037
        ]
    },
    {
        "scene_id": 11,
        "image_id": 3,
        "category_id": 0,
        "R": [
            [
                -0.7205332368980122,
                0.3418838117212722,
                0.603280471568446
            ],
            [
                0.5600193821730733,
                -0.22613949017833374,
                0.7970190139556278
            ],
            [
                0.40891341803071507,
                0.9121273721322601,
                -0.02852052190487891
            ]
        ],
        "t": [
            -149.11320773428506,
            397.2292454227516,
            1977.2995438627543
        ]
    },
    {
        "scene_id": 11,
        "image_id": 3,
        "category_id": 0,
        "R": [
            [
                -0.15696303890819455,
                0.26149879205635795,
                0.9523555007125283
            ],
            [
                0.9301687179330457,
                -0.2849143884388986,
                0.23153840604468176
            ],
            [
                0.3318867941391672,
                0.9221941900149249,
                -0.19851694735446335
            ]
        ],
        "t": [
            110.43139331429444,
            408.09789521021673,
            1959.863594456226
        ]
    },
    {
        "scene_id": 11,
        "image_id": 3,
        "category_id": 0,
        "R": [
            [
                -0.4631051494997442,
                0.371140019900658,
                0.8048532286712894
            ],
            [
                0.7131177378713175,
                -0.38321684371568016,
                0.5870332432327117
            ],
            [
                0.526304819285954,
                0.8458131583218226,
                -0.0871968176841033
            ]
        ],
        "t": [
            103.80589821385792,
            383.33066357697567,
            1824.2372427227328
        ]
    },
    {
        "scene_id": 11,
        "image_id": 3,
        "category_id": 0,
        "R": [
            [
                -0.28952528063602606,
                0.27439980764441196,
                0.9169950223447128
            ],
            [
                0.8979744774198861,
                -0.2538156722070351,
                0.359471178926771
            ],
            [
                0.33138652523166523,
                0.9275140433067975,
                -0.1729179486685848
            ]
        ],
        "t": [
            -260.36735202313577,
            316.63826514361244,
            1938.1537769658037
        ]
    },
    {
        "scene_id": 11,
        "image_id": 3,
        "category_id": 0,
        "R": [
            [
                0.9484562153649518,
                0.028122771379449168,
                -0.315657933265064
            ],
            [
                -0.31302945160567325,
                -0.07222567985218152,
                -0.9469931887990385
            ],
            [
                -0.04943068491783478,
                0.9969917276769616,
                -0.05969965611670927
            ]
        ],
        "t": [
            123.843731663896,
            161.41730695002713,
            1887.5960053719386
        ]
    },
    {
        "scene_id": 11,
        "image_id": 3,
        "category_id": 0,
        "R": [
            [
                -0.8618544055543369,
                0.2804009360927565,
                0.4225900048895224
            ],
            [
                0.3693489074028557,
                -0.2239867277753716,
                0.901893240031894
            ],
            [
                0.34754624276627744,
                0.9333837424324384,
                0.08947818231307259
            ]
        ],
        "t": [
            119.75615296866022,
            -94.32655606620642,
            1973.7067921388464
        ]
    },
    {
        "scene_id": 11,
        "image_id": 3,
        "category_id": 0,
        "R": [
            [
                0.980717393178298,
                0.11660744931106028,
                0.15683147340496598
            ],
            [
                0.18308348858752002,
                -0.2674641851557008,
                -0.9460144987789826
            ],
            [
                -0.0683655259628018,
                0.9564860472353823,
                -0.2836556766787075
            ]
        ],
        "t": [
            231.7158550436127,
            394.350210178956,
            1904.657333911472
        ]
    },
    {
        "scene_id": 11,
        "image_id": 3,
        "category_id": 0,
        "R": [
            [
                -0.2974557789635997,
                0.3200054656059581,
                0.8995090745018155
            ],
            [
                0.8410786500470592,
                -0.3579973044573374,
                0.4054931817808122
            ],
            [
                0.45178184282068395,
                0.8771740932052954,
                -0.1626613762243735
            ]
        ],
        "t": [
            -171.2627969858776,
            426.59665707355674,
            2091.281446452378
        ]
    },
    {
        "scene_id": 11,
        "image_id": 3,
        "category_id": 0,
        "R": [
            [
                -0.9662732256332118,
                0.25561206264052994,
                0.0312816307868094
            ],
            [
                -0.00019248732416834747,
                -0.12218996008064788,
                0.9925067569737493
            ],
            [
                0.25751898070212637,
                0.9590266081245507,
                0.11811810231903366
            ]
        ],
        "t": [
            211.8423476117199,
            394.8028452699691,
            1925.277571641635
        ]
    },
    {
        "scene_id": 11,
        "image_id": 3,
        "category_id": 0,
        "R": [
            [
                0.186101128396882,
                0.23866096289091226,
                0.9531040490780793
            ],
            [
                0.9462535920563953,
                -0.30469527942280705,
                -0.1084666411956043
            ],
            [
                0.2645195526737023,
                0.9220638169875539,
                -0.2825379094278131
            ]
        ],
        "t": [
            167.15581688611582,
            185.62628548589925,
            1817.3610932128117
        ]
    },
    {
        "scene_id": 11,
        "image_id": 3,
        "category_id": 0,
        "R": [
            [
                0.5036497430641245,
                0.13363821315021474,
                0.8535090965333054
            ],
            [
                0.8269138458839507,
                -0.3605883633594926,
                -0.4314969405796124
            ],
            [
                0.2501009677201105,
                0.9231017340344071,
                -0.29211751261491875
            ]
        ],
        "t": [
            222.11704346661952,
            331.84624120308297,
            1850.103103841948
        ]
    },
    {
        "scene_id": 11,
        "image_id": 3,
        "category_id": 0,
        "R": [
            [
                -0.6842946594021305,
                0.24618360560504923,
                0.6863923550074397
            ],
            [
                0.6566816375525691,
                -0.20119432198177745,
                0.7268357157831457
            ],
            [
                0.31703327213911325,
                0.9481109772316134,
                -0.023988034889781934
            ]
        ],
        "t": [
            32.21040737449533,
            417.15438747640616,
            1983.4691146337873
        ]
    },
    {
        "scene_id": 11,
        "image_id": 3,
        "category_id": 0,
        "R": [
            [
                0.10692330809164723,
                0.3083463202655287,
                0.9452459820243022
            ],
            [
                0.9494940027249131,
                -0.3137445479045452,
                -0.0050580118648525865
            ],
            [
                0.29500615282159615,
                0.8980461346604189,
                -0.32631956182103805
            ]
        ],
        "t": [
            27.01050420353414,
            314.5464346889623,
            1410.043396085721
        ]
    }
]