[
    {
        "scene_id": 8,
        "image_id": 4,
        "category_id": 14,
        "R": [
            [
                0.8523830722836168,
                -0.5220457562128847,
                0.030188184848719872
            ],
            [
                0.005763017444723445,
                0.06710510272060326,
                0.9977292682981638
            ],
            [
                -0.5228861116096648,
                -0.8502735639833656,
                0.060207812422894275
            ]
        ],
        "t": [
            159.10247162152973,
            -172.9212286797533,
            1965.3101763635177
        ]
    },
    {
        "scene_id": 8,
        "image_id": 4,
        "category_id": 14,
        "R": [
            [
                0.7755786382287951,
                0.47102104708957315,
                -0.4202581934023528
            ],
            [
                -0.3345610994967015,
                -0.2578427912711938,
                -0.9064137938563368
            ],
            [
                -0.535300519920096,
                0.8435972191680824,
                -0.04239204153084871
            ]
        ],
        "t": [
            -57.77098005453195,
            12.520288139597824,
            2045.375204281945
        ]
    },
    {
        "scene_id": 8,
        "image_id": 4,
        "category_id": 14,
        "R": [
            [
                0.7690501466939206,
                0.4159501893710356,
                -0.4853321664924531
            ],
            [
                -0.3422376183742733,
                -0.37332932258368323,
                -0.8622636658637034
            ],
            [
                -0.5398474640484703,
                0.8292229235021228,
                -0.1447551681254519
            ]
        ],
        "t": [
            -151.5136147766873,
            -277.7033489400711,
            2059.9115521933168
        ]
    },
    {
        "scene_id": 8,
        "image_id": 4,
        "category_id": 14,
        "R": [
            [
                0.8266814211743987,
                -0.20902951831788188,
                -0.522402611361075
            ],
            [
                -0.04806080457988403,
                -0.9512735237224366,
                0.3045797795780835
            ],
            [
                -0.5606139375258256,
                -0.22668335522594912,
                -0.7964462753477449
            ]
        ],
        "t": [
            184.41698848145347,
            -442.0331564225961,
            1891.7310870929139
        ]
    },
    {
        "scene_id": 8,
        "image_id": 4,
        "category_id": 14,
        "R": [
            [
                0.7751122521451,
                0.43920520360157567,
                -0.45420236206326486
            ],
            [
                -0.32934833408330544,
                -0.3326200317652523,
                -0.8836818371478697
            ],
            [
                -0.5391944653008803,
                0.8345434102536439,
                -0.11316635980324129
            ]
        ],
        "t": [
            17.850028480399942,
            -499.43288493132985,
            2002.6527370113977
        ]
    },
    {
        "scene_id": 8,
        "image_id": 4,
        "category_id": 14,
        "R": [
            [
                0.7854789593762053,
                0.25127888040497076,
                -0.5655808771870714
            ],
            [
                -0.2679128997086757,
                -0.6857423187563464,
                -0.6767423072605695
            ],
            [
                -0.5578937914576231,
                0.6830932560998495,
                -0.471315309452116
            ]
        ],
        "t": [
            143.34924376768504,
            -23.018433090757753,
            1965.8788677536377
        ]
    }
]