[
    {
        "scene_id": 7,
        "image_id": 3,
        "category_id": 0,
        "R": [
            [
                0.7023892810650039,
                0.5056611730826668,
                0.5009551265055857
            ],
            [
                0.5803984239442769,
                0.0005505261612566389,
                -0.8143324481870928
            ],
            [
                -0.412052103797841,
                0.8627319395233467,
                -0.29309827056488735
            ]
        ],
        "t": [
            -66.44976063571971,
            -204.7987306164627,
            1993.7163973516224
        ]
    },
    {
        "scene_id": 7,
        "image_id": 3,
        "category_id": 0,
        "R": [
            [
                -0.7041004787466358,
                0.6854759079955582,
                0.1853786888426016
            ],
            [
                0.27730434907980595,
                0.025095500367899922,
                0.9604543110471984
            ],
            [
                0.6537161313227692,
                0.727662644488405,
                -0.20775521026102536
            ]
        ],
        "t": [
            136.20812455155215,
            -368.09677377785744,
            1942.8946449551252
        ]
    },
    {
        "scene_id": 7,
        "image_id": 3,
        "category_id": 0,
        "R": [
            [
                -0.29562916334292005,
                0.6795182867855831,
                0.6714597967084333
            ],
            [
                0.8957040032226542,
                -0.047211652991416345,
                0.44213727302634026
            ],
            [
                0.33214109168745204,
                0.7321378879577283,
                -0.5946901211181624
            ]
        ],
        "t": [
            303.12059285567943,
            -323.0375575083939,
            1856.6300060028568
        ]
    }
]