[
    {
        "scene_id": 13,
        "image_id": 5,
        "category_id": 1,
        "R": [
            [
                0.06431363483126044,
                0.6773559948386135,
                -0.7328387532884827
            ],
            [
                0.8067005110484474,
                -0.46758300955306464,
                -0.3613868794131498
            ],
            [
                -0.5874505144116952,
                -0.5679392852721682,
                -0.5764953830488538
            ]
        ],
        "t": [
            254.96593090173155,
            -88.25264882493343,
            1787.3208915513185
        ]
    },
    {
        "scene_id": 13,
        "image_id": 5,
        "category_id": 1,
        "R": [
            [
                0.06428266740220868,
                0.6774411366160032,
                -0.7327627656905807
            ],
            [
                0.8067142807964395,
                -0.4675129401491571,
                -0.3614467898773988
            ],
            [
                -0.5874349945862343,
                -0.5678954160154639,
                -0.5765544110652226
            ]
        ],
        "t": [
            284.1501176000379,
            -55.132573962831515,
            1768.2445530655039
        ]
    },
    {
        "scene_id": 13,
        "image_id": 5,
        "category_id": 1,
        "R": [
            [
                0.06442949397309243,
                0.6770208906477939,
                -0.7331381722590045
            ],
            [
                0.8066550774343811,
                -0.46784731462303275,
                -0.36114614522358135
            ],
            [
                -0.5875002054370281,
                -0.5681211579976596,
                -0.5762654976324019
            ]
        ],
        "t": [
            -100.78777932017078,
            -189.51778107073483,
            2040.2922054446094
        ]
    }
]