[
    {
        "scene_id": 7,
        "image_id": 2,
        "category_id": 0,
        "R": [
            [
                0.37734603780599496,
                0.13381030462287943,
                0.9163540743993356
            ],
            [
                0.8906129410712311,
                -0.3236292194279049,
                -0.3194882272037964
            ],
            [
                0.2538081125930214,
                0.9366743654246485,
                -0.24129340313067096
            ]
        ],
        "t": [
            139.77892356339595,
            -16.106012578907553,
            1865.3575210534525
        ]
    },
    {
        "scene_id": 7,
        "image_id": 2,
        "category_id": 0,
        "R": [
            [
                -0.2687193910827709,
                0.17714749622714632,
                0.9467886105018228
            ],
            [
                0.8268302165527124,
                -0.4618020463774317,
                0.3210773625622007
            ],
            [
                0.49410694916996034,
                0.8691130992748405,
                -0.022375761594100645
            ]
        ],
        "t": [
            -56.23605604909136,
            162.57331448708265,
            1906.7098309249147
        ]
    },
    {
        "scene_id": 7,
        "image_id": 2,
        "category_id": 0,
        "R": [
            [
                -0.5113701624869325,
                0.15955116064595368,
                0.8444193292399409
            ],
            [
                0.7752835191737332,
                -0.3382408683291595,
                0.5334122136607069
            ],
            [
                0.3707236577391449,
                0.9274354309433549,
                0.049268877392359585
            ]
        ],
        "t": [
            328.6414640151587,
            21.035493983404535,
            1872.4255588117244
        ]
    }
]