[
    {
        "scene_id": 11,
        "image_id": 2,
        "category_id": 0,
        "R": [
            [
                0.36066221970350054,
                0.6172378555336742,
                0.69924260358274
            ],
            [
                0.8948691013238101,
                -0.017655550832634256,
                -0.4459794109386827
            ],
            [
                -0.2629298610339315,
                0.7865785160361861,
                -0.5587147676602615
            ]
        ],
        "t": [
            287.53896587294116,
            105.67630184274753,
            1884.3763632300038
        ]
    },
    {
        "scene_id": 11,
        "image_id": 2,
        "category_id": 0,
        "R": [
            [
                -0.05744943067594318,
                0.6812322554548638,
                0.7298097030961721
            ],
            [
                0.9931579012720796,
                -0.035448907929642594,
                0.1112691333116967
            ],
            [
                0.10167107601693182,
                0.7312086135692021,
                -0.6745346700195889
            ]
        ],
        "t": [
            -97.57127952088422,
            45.984657644809545,
            1977.3703620488036
        ]
    },
    {
        "scene_id": 11,
        "image_id": 2,
        "category_id": 0,
        "R": [
            [
                -0.7475975608056521,
                0.6235011709265664,
                -0.2287885543926401
            ],
            [
                -0.24060278969872853,
                0.06682678762731084,
                0.9683204738128312
            ],
            [
                0.6190381468147209,
                0.7789611800872301,
                0.10005657409674316
            ]
        ],
        "t": [
            -133.52090468799452,
            -18.721471654428143,
            1993.7598895816798
        ]
    },
    {
        "scene_id": 11,
        "image_id": 2,
        "category_id": 0,
        "R": [
            [
                0.7975431886947958,
                0.5715967807055273,
                0.19287822102054086
            ],
            [
                0.20801519918251485,
                0.03954496604836311,
                -0.9773259100882338
            ],
            [
                -0.5662637005245893,
                0.8195812152338164,
                -0.08736199642138573
            ]
        ],
        "t": [
            119.89180521893877,
            -92.52950750769007,
            1793.9398171584696
        ]
    },
    {
        "scene_id": 11,
        "image_id": 2,
        "category_id": 0,
        "R": [
            [
                -0.42166418299636166,
                0.7201294212807359,
                0.5510108520476865
            ],
            [
                0.8021109538678447,
                0.012841572593747703,
                0.5970369952180837
            ],
            [
                0.42286805314970716,
                0.6937209494013168,
                -0.5830385229997959
            ]
        ],
        "t": [
            316.71160362030696,
            -339.7191542143791,
            1905.1313757990265
        ]
    },
    {
        "scene_id": 11,
        "image_id": 2,
        "category_id": 0,
        "R": [
            [
                -0.7270730983715978,
                0.6250547220778999,
                -0.2840269876664515
            ],
            [
                -0.44004569183809106,
                -0.10671641001316629,
                0.8916117198024823
            ],
            [
                0.5269957702026912,
                0.7732517397901586,
                0.35264326225611714
            ]
        ],
        "t": [
            189.187480051389,
            -515.3523576747114,
            1957.5926139927456
        ]
    },
    {
        "scene_id": 11,
        "image_id": 2,
        "category_id": 0,
        "R": [
            [
                -0.6059702708595732,
                0.6993935528558026,
                0.3790101776318781
            ],
            [
                0.5796323113033989,
                0.061889137726140644,
                0.8125245721115746
            ],
            [
                0.5448178264687581,
                0.7120522724446824,
                -0.4428940760304815
            ]
        ],
        "t": [
            9.820147373085774,
            -157.04345942976371,
            1659.2693100224938
        ]
    },
    {
        "scene_id": 11,
        "image_id": 2,
        "category_id": 0,
        "R": [
            [
                -0.7014388032181695,
                0.6809026814398396,
                0.21060666997588845
            ],
            [
                0.3742725958468828,
                0.10042312982680071,
                0.921865109956076
            ],
            [
                0.6065506363977009,
                0.7254562564136394,
                -0.32528389266996216
            ]
        ],
        "t": [
            251.85668238478343,
            42.771204606524435,
            1906.9777083466772
        ]
    },
    {
        "scene_id": 11,
        "image_id": 2,
        "category_id": 0,
        "R": [
            [
                0.6462265187332092,
                0.622167133311368,
                -0.44192688354919757
            ],
            [
                -0.7030069899317165,
                0.2600081516037148,
                -0.6619493901857374
            ],
            [
                -0.29693855708407507,
                0.7384469294956195,
                0.6054120009960083
            ]
        ],
        "t": [
            203.11993275518284,
            1.5247189944170714,
            1876.7151501513442
        ]
    }
]