[
    {
        "scene_id": 12,
        "image_id": 3,
        "category_id": 1,
        "R": [
            [
                0.31800283333781615,
                0.8719721829753576,
                -0.3722079038305747
            ],
            [
                0.8987110826914333,
                -0.40228438965532715,
                -0.17460167731628934
            ],
            [
                -0.30198119170542176,
                -0.27898352775225677,
                -0.9115785746205705
            ]
        ],
        "t": [
            -104.59234034737625,
            292.42339048845,
            1753.1855642142307
        ]
    },
    {
        "scene_id": 12,
        "image_id": 3,
        "category_id": 1,
        "R": [
            [
                0.3178736655067373,
                0.8721602801181593,
                -0.37187738856935676
            ],
            [
                0.8987581610931822,
                -0.40209659623574495,
                -0.17479182245877234
            ],
            [
                -0.3019770735654607,
                -0.27866610822365884,
                -0.9116770227314672
            ]
        ],
        "t": [
            79.68119390810358,
            194.76815089940197,
            1715.4748151416024
        ]
    },
    {
        "scene_id": 12,
        "image_id": 3,
        "category_id": 1,
        "R": [
            [
                0.3178398740827279,
                0.8721857205372835,
                -0.3718466039936038
            ],
            [
                0.898771274590797,
                -0.40205787886470234,
                -0.17481345499612053
            ],
            [
                -0.3019736126367668,
                -0.27864234732709875,
                -0.9116854315800692
            ]
        ],
        "t": [
            -51.028942681511296,
            -7.6669447853468,
            1689.1590536583578
        ]
    }
]