[
    {
        "scene_id": 12,
        "image_id": 1,
        "category_id": 0,
        "R": [
            [
                -0.9667035132420122,
                0.23757300123841976,
                0.09509679350935409
            ],
            [
                0.05791674065413622,
                -0.15885339296660517,
                0.9856020174134327
            ],
            [
                0.24925885970639675,
                0.9582925523628092,
                0.1398046907368708
            ]
        ],
        "t": [
            -4.408042369682221,
            260.3971452004086,
            1716.115643461642
        ]
    },
    {
        "scene_id": 12,
        "image_id": 1,
        "category_id": 0,
        "R": [
            [
                -0.8187552366377975,
                0.41144902111943615,
                0.40043673540983005
            ],
            [
                0.38801809961301525,
                -0.11753152060174135,
                0.9141271148326015
            ],
            [
                0.42318062125602024,
                0.903822991580514,
                -0.06342009375593051
            ]
        ],
        "t": [
            170.03596745073173,
            179.39721572011155,
            1687.7903609226123
        ]
    },
    {
        "scene_id": 12,
        "image_id": 1,
        "category_id": 0,
        "R": [
            [
                0.2580192557493194,
                0.2232877161172535,
                0.9399833365870632
            ],
            [
                0.9502770738990706,
                -0.2342323209245052,
                -0.20520426089769467
            ],
            [
                0.17435489595489925,
                0.9461911876456156,
                -0.27262163026166497
            ]
        ],
        "t": [
            11.524314548758923,
            -85.20936265464422,
            1669.9137154930634
        ]
    },
    {
        "scene_id": 12,
        "image_id": 1,
        "category_id": 0,
        "R": [
            [
                0.929431666084832,
                -0.036312543397515974,
                0.36720320101875226
            ],
            [
                0.3340081654686406,
                -0.34016179136577024,
                -0.8790498206185664
            ],
            [
                0.15682902909557644,
                0.9396655273110909,
                -0.30402845101125237
            ]
        ],
        "t": [
            -283.14247613399874,
            470.5758477162493,
            1787.1050421139619
        ]
    },
    {
        "scene_id": 12,
        "image_id": 1,
        "category_id": 0,
        "R": [
            [
                0.8160295203880022,
                0.18818502149068095,
                0.5465182825025339
            ],
            [
                0.5779473424939121,
                -0.279599165568819,
                -0.7666819822794028
            ],
            [
                0.008528002959207744,
                0.941493840982724,
                -0.33692219749567864
            ]
        ],
        "t": [
            -117.73886502253035,
            -192.55827114475392,
            1873.5594179661734
        ]
    }
]