[
    {
        "scene_id": 6,
        "image_id": 5,
        "category_id": 1,
        "R": [
            [
                0.4194020565706008,
                0.8838625751662595,
                -0.20709641766931244
            ],
            [
                0.8009389097986869,
                -0.4676589176670324,
                -0.37388762118827557
            ],
            [
                -0.42731574722651583,
                -0.009062339032510035,
                -0.9040569862613739
            ]
        ],
        "t": [
            -111.38053877033809,
            -65.07116674502414,
            1642.3266282385596
        ]
    },
    {
        "scene_id": 6,
        "image_id": 5,
        "category_id": 1,
        "R": [
            [
                0.4197925684752032,
                0.883452065437183,
                -0.2080545855644887
            ],
            [
                0.8007796912664612,
                -0.46841686618483463,
                -0.3732793582688534
            ],
            [
                -0.42723068201756603,
                -0.009905983468729108,
                -0.9040883386366715
            ]
        ],
        "t": [
            293.124058746979,
            -379.53227508568983,
            1723.9559352517642
        ]
    },
    {
        "scene_id": 6,
        "image_id": 5,
        "category_id": 1,
        "R": [
            [
                0.4197843115677236,
                0.8834563704692363,
                -0.20805296509682245
            ],
            [
                0.8007839047216259,
                -0.4684087010744523,
                -0.373280565362526
            ],
            [
                -0.4272308975819595,
                -0.009908137867077548,
                -0.9040882131627499
            ]
        ],
        "t": [
            271.0344744544862,
            -36.49304206464862,
            1736.0223943631001
        ]
    }
]