[
    {
        "scene_id": 14,
        "image_id": 4,
        "category_id": 14,
        "R": [
            [
                0.9697845470584485,
                0.058332115287255966,
                -0.23688667462049126
            ],
            [
                0.23378520707570868,
                -0.4997396611898698,
                0.8340292248994651
            ],
            [
                -0.06973097761546299,
                -0.864209254382264,
                -0.4982769866257555
            ]
        ],
        "t": [
            217.76012483038687,
            155.55230211622307,
            1880.5746088651383
        ]
    },
    {
        "scene_id": 14,
        "image_id": 4,
        "category_id": 14,
        "R": [
            [
                0.9936453828542514,
                -0.11045366994145547,
                -0.021652711813821446
            ],
            [
                -0.055792705538857186,
                -0.6504146845168705,
                0.7575274992853223
            ],
            [
                -0.09775493410095863,
                -0.7515056386756416,
                -0.652444057293523
            ]
        ],
        "t": [
            -60.53129875280797,
            112.03790558788637,
            1829.545867979737
        ]
    },
    {
        "scene_id": 14,
        "image_id": 4,
        "category_id": 14,
        "R": [
            [
                0.9462609756750793,
                -0.240960874057682,
                -0.21570355372085487
            ],
            [
                0.3209801413655402,
                0.6182459660717794,
                0.717456391904714
            ],
            [
                -0.03952106733636487,
                -0.7481375425744456,
                0.6623656864808624
            ]
        ],
        "t": [
            46.89388003866043,
            -18.419114394071812,
            1823.561121985072
        ]
    },
    {
        "scene_id": 14,
        "image_id": 4,
        "category_id": 14,
        "R": [
            [
                0.8665013242601334,
                -0.40110705854009954,
                -0.2971339473112141
            ],
            [
                0.49738922377540157,
                0.7440802427614194,
                0.4460364922337747
            ],
            [
                0.04218311424655365,
                -0.5342824345993565,
                0.8442528442066667
            ]
        ],
        "t": [
            186.3843321485043,
            -2.6808340162509694,
            1865.0808203635202
        ]
    },
    {
        "scene_id": 14,
        "image_id": 4,
        "category_id": 14,
        "R": [
            [
                0.6760474598279862,
                -0.7225941834619365,
                -0.1442826326593164
            ],
            [
                0.727799239876414,
                0.6854194707071352,
                -0.02254807332929534
            ],
            [
                0.11518723234560269,
                -0.08976522267853332,
                0.9892795895509184
            ]
        ],
        "t": [
            136.33191047989447,
            111.79170516196785,
            1856.160942393365
        ]
    },
    {
        "scene_id": 14,
        "image_id": 4,
        "category_id": 14,
        "R": [
            [
                0.9915305151878514,
                -0.014184412160778731,
                -0.12909701740538485
            ],
            [
                0.10722793695250579,
                -0.4714263539278012,
                0.8753624177215107
            ],
            [
                -0.07327623754139224,
                -0.881791355862594,
                -0.46591265033027934
            ]
        ],
        "t": [
            59.55749993855022,
            224.005068357644,
            1892.4401734295552
        ]
    },
    {
        "scene_id": 14,
        "image_id": 4,
        "category_id": 14,
        "R": [
            [
                0.9259929631263671,
                -0.046097488400318444,
                -0.37471596416970593
            ],
            [
                -0.33197699037912637,
                -0.5720966944510345,
                -0.7499977667013529
            ],
            [
                -0.1798007511087407,
                0.8188897323580153,
                -0.5450608187526879
            ]
        ],
        "t": [
            437.1077902111316,
            96.43625449878141,
            1939.0724588829387
        ]
    }
]