[
    {
        "scene_id": 14,
        "image_id": 5,
        "category_id": 14,
        "R": [
            [
                0.9769610895789405,
                -0.2090472130801964,
                0.042968501860459876
            ],
            [
                -0.191990190998299,
                -0.9488025987761252,
                -0.25082542757086695
            ],
            [
                0.0932029828340594,
                0.23679715213463753,
                -0.9670782350625825
            ]
        ],
        "t": [
            -37.68690974513302,
            -300.10378327633464,
            1645.9960002193116
        ]
    },
    {
        "scene_id": 14,
        "image_id": 5,
        "category_id": 14,
        "R": [
            [
                0.9694722641209342,
                0.22452863150955746,
                -0.098541477219873
            ],
            [
                0.23461274377087882,
                -0.7325823130350357,
                0.6389679296244354
            ],
            [
                0.0712768515054458,
                -0.6425807717794569,
                -0.7628955119666048
            ]
        ],
        "t": [
            166.921157102192,
            -158.57572511878328,
            1659.9880602920987
        ]
    },
    {
        "scene_id": 14,
        "image_id": 5,
        "category_id": 14,
        "R": [
            [
                0.726765998216041,
                -0.2864417609548,
                -0.6243094596577515
            ],
            [
                0.6811389629913139,
                0.41785616633246775,
                0.6012037403019462
            ],
            [
                0.08866169935298067,
                -0.8621759343887101,
                0.4987902978495028
            ]
        ],
        "t": [
            34.778304136875775,
            -60.36079286675766,
            1671.8178345445117
        ]
    },
    {
        "scene_id": 14,
        "image_id": 5,
        "category_id": 14,
        "R": [
            [
                0.9358109265235706,
                -0.17215414231629955,
                -0.30760504072988964
            ],
            [
                -0.3444023426361363,
                -0.2605329201926967,
                -0.9019476835618615
            ],
            [
                0.07513279035041401,
                0.9499923940638711,
                -0.3030998433436673
            ]
        ],
        "t": [
            -118.7932283146578,
            -151.37716387731933,
            1639.2656301657607
        ]
    },
    {
        "scene_id": 14,
        "image_id": 5,
        "category_id": 14,
        "R": [
            [
                0.7705467024762628,
                -0.30597402853038114,
                -0.5591401194404204
            ],
            [
                0.6323660092681945,
                0.47684255438494255,
                0.6105197856334069
            ],
            [
                0.07981860450531368,
                -0.8240152135686166,
                0.5609170332431451
            ]
        ],
        "t": [
            107.2464007369247,
            -306.9521354323876,
            1677.0464624235283
        ]
    },
    {
        "scene_id": 14,
        "image_id": 5,
        "category_id": 14,
        "R": [
            [
                0.6501234255649829,
                -0.5313709533943886,
                -0.5431247015376782
            ],
            [
                0.7536550929991078,
                0.5418903083672838,
                0.3719662545098913
            ],
            [
                0.09666194870868071,
                -0.6511526730240377,
                0.7527660088536748
            ]
        ],
        "t": [
            75.82405674544884,
            -187.99390902360804,
            1655.9482919100576
        ]
    },
    {
        "scene_id": 14,
        "image_id": 5,
        "category_id": 14,
        "R": [
            [
                0.8885125079244662,
                -0.0997231555219248,
                -0.44788482393861645
            ],
            [
                0.45360079015095234,
                0.3381474204074054,
                0.8245620930204397
            ],
            [
                0.06922316401470698,
                -0.9357946432442148,
                0.3456827146954642
            ]
        ],
        "t": [
            299.6118032574282,
            -114.48341852520882,
            1707.7036111756113
        ]
    }
]