[
    {
        "scene_id": 11,
        "image_id": 5,
        "category_id": 1,
        "R": [
            [
                0.06457135958233279,
                0.6768102277400454,
                -0.7333201762113133
            ],
            [
                0.8065853965163541,
                -0.4680859881220924,
                -0.3609924761138702
            ],
            [
                -0.5875802946664241,
                -0.5681755623911152,
                -0.5761301874888435
            ]
        ],
        "t": [
            -223.24870959219663,
            -379.2309209200215,
            2250.9631310932255
        ]
    },
    {
        "scene_id": 11,
        "image_id": 5,
        "category_id": 1,
        "R": [
            [
                0.0643203240678999,
                0.6773354676825181,
                -0.7328571387532087
            ],
            [
                0.8066975185930735,
                -0.46759921396838056,
                -0.3613725924201134
            ],
            [
                -0.5874538913320251,
                -0.5679504253351852,
                -0.5764809669322272
            ]
        ],
        "t": [
            4.508473305685129,
            -524.2121785857134,
            2171.071657303455
        ]
    },
    {
        "scene_id": 11,
        "image_id": 5,
        "category_id": 1,
        "R": [
            [
                0.06436704917709914,
                0.6772631905520938,
                -0.7329198314917297
            ],
            [
                0.8066764321190955,
                -0.4676775086877995,
                -0.3613183412057601
            ],
            [
                -0.58747772883499,
                -0.567972151533158,
                -0.5764352682828737
            ]
        ],
        "t": [
            -23.561070284608604,
            -76.98913867309018,
            2096.4532576571887
        ]
    },
    {
        "scene_id": 11,
        "image_id": 5,
        "category_id": 1,
        "R": [
            [
                0.0643158002745584,
                0.6773393198210494,
                -0.7328539754615752
            ],
            [
                0.8067028270100166,
                -0.46759002559898616,
                -0.36137263152442606
            ],
            [
                -0.5874470969905717,
                -0.5679533960700245,
                -0.5764849637627564
            ]
        ],
        "t": [
            -90.1713907319504,
            -308.3933220375115,
            2605.016214496265
        ]
    },
    {
        "scene_id": 11,
        "image_id": 5,
        "category_id": 1,
        "R": [
            [
                0.06442147746241252,
                0.6770722628858468,
                -0.7330914334260309
            ],
            [
                0.8066616776234459,
                -0.467811805348758,
                -0.36117740044272706
            ],
            [
                -0.5874920221825636,
                -0.5680891760477521,
                -0.5763053680505671
            ]
        ],
        "t": [
            -142.96975937364437,
            -43.992584146019254,
            2189.312503822768
        ]
    },
    {
        "scene_id": 11,
        "image_id": 5,
        "category_id": 1,
        "R": [
            [
                0.06430248306405162,
                0.6773834064156744,
                -0.7328143946968623
            ],
            [
                0.806705525897433,
                -0.46755932631131397,
                -0.3614063264891174
            ],
            [
                -0.5874448486385858,
                -0.5679260897446584,
                -0.5765141556891752
            ]
        ],
        "t": [
            -214.69417698025018,
            -517.1759280981573,
            2274.5215686440833
        ]
    }
]