[
    {
        "scene_id": 8,
        "image_id": 2,
        "category_id": 14,
        "R": [
            [
                0.8401963016462345,
                -0.5334157613997722,
                0.09766166182433451
            ],
            [
                0.541438619381829,
                0.8151302509588428,
                -0.20592934568358987
            ],
            [
                0.030238983810441492,
                0.22589886998848374,
                0.9736813156243873
            ]
        ],
        "t": [
            249.06603457755125,
            207.06146680065132,
            1832.2218994713005
        ]
    },
    {
        "scene_id": 8,
        "image_id": 2,
        "category_id": 14,
        "R": [
            [
                0.9853042602017186,
                -0.07400585988460387,
                -0.15394365050590203
            ],
            [
                0.16774841201390134,
                0.24942098530769477,
                0.9537555464346993
            ],
            [
                -0.032186722342564575,
                -0.9655632060051161,
                0.2581699248827475
            ]
        ],
        "t": [
            302.11141731234,
            -43.53449911434643,
            1728.0697076059557
        ]
    },
    {
        "scene_id": 8,
        "image_id": 2,
        "category_id": 14,
        "R": [
            [
                0.9401731158847928,
                0.17717202037235502,
                -0.2910061637915212
            ],
            [
                0.3391540577311171,
                -0.5679028728624639,
                0.749973900958612
            ],
            [
                -0.032388845178515514,
                -0.8038012205711921,
                -0.5940156231247328
            ]
        ],
        "t": [
            -76.79640258411251,
            113.67720079127304,
            1748.4429762511777
        ]
    },
    {
        "scene_id": 8,
        "image_id": 2,
        "category_id": 14,
        "R": [
            [
                0.993284320237036,
                -0.11563666447770879,
                -0.0037974991399356947
            ],
            [
                -0.08938403641644349,
                -0.7877953127590298,
                0.6094169666400876
            ],
            [
                -0.07346259732103072,
                -0.6049848816486005,
                -0.7928408035485282
            ]
        ],
        "t": [
            6.5264344407283374,
            386.16337616791935,
            1847.003366957347
        ]
    },
    {
        "scene_id": 8,
        "image_id": 2,
        "category_id": 14,
        "R": [
            [
                0.7859698088930759,
                -0.5951298609414803,
                -0.16754673415007693
            ],
            [
                0.6150355353536807,
                0.7802693744455458,
                0.11362655303479134
            ],
            [
                0.06310903073881947,
                -0.19235423550868722,
                0.9792941837471905
            ]
        ],
        "t": [
            234.2384514763305,
            348.5525337744697,
            1867.9239851142295
        ]
    },
    {
        "scene_id": 8,
        "image_id": 2,
        "category_id": 14,
        "R": [
            [
                0.9983535293060063,
                -0.055824525136620506,
                0.013185329556426078
            ],
            [
                -0.02149939559483231,
                -0.15106381274949282,
                0.98829019041304
            ],
            [
                -0.05317900442183608,
                -0.9869464761935456,
                -0.15201528415868357
            ]
        ],
        "t": [
            115.81027046784743,
            -102.01378225952521,
            1725.6226405646232
        ]
    }
]