[
    {
        "scene_id": 14,
        "image_id": 3,
        "category_id": 0,
        "R": [
            [
                0.6544916692884188,
                0.5862442160135405,
                0.47744989235852014
            ],
            [
                0.6088753131866269,
                -0.034309029517462224,
                -0.7925236939334745
            ],
            [
                -0.4482315854434193,
                0.8094075993789375,
                -0.3794045982762672
            ]
        ],
        "t": [
            164.27747543193095,
            -73.78570231559753,
            1819.3498423291237
        ]
    },
    {
        "scene_id": 14,
        "image_id": 3,
        "category_id": 0,
        "R": [
            [
                -0.5457718121818279,
                0.770807712774119,
                0.32861622699758597
            ],
            [
                0.4325680219433102,
                -0.07670300453155084,
                0.8983326875096926
            ],
            [
                0.7176476068509829,
                0.6324335234841794,
                -0.2915644286759179
            ]
        ],
        "t": [
            -16.703682731074878,
            -444.1195273722227,
            1935.6301479753674
        ]
    },
    {
        "scene_id": 14,
        "image_id": 3,
        "category_id": 0,
        "R": [
            [
                -0.16275186029248057,
                0.6846277057213633,
                0.7104905081846434
            ],
            [
                0.9681907675309465,
                -0.027886395585079382,
                0.24865447627101162
            ],
            [
                0.19004875841330787,
                0.7283593211938899,
                -0.6583116541351877
            ]
        ],
        "t": [
            -9.309420045354045,
            8.019989444764065,
            1931.4327933374568
        ]
    },
    {
        "scene_id": 14,
        "image_id": 3,
        "category_id": 0,
        "R": [
            [
                0.7479196270957055,
                0.6151202084257997,
                0.24948624467424244
            ],
            [
                0.3910159908954024,
                -0.10455150188403001,
                -0.9144263449170648
            ],
            [
                -0.5363979570131445,
                0.7814705138129837,
                -0.3187179522205609
            ]
        ],
        "t": [
            125.84683281992443,
            -127.36471345735295,
            1843.545641813637
        ]
    },
    {
        "scene_id": 14,
        "image_id": 3,
        "category_id": 0,
        "R": [
            [
                -0.2590431899570442,
                0.5838279374527372,
                0.7694423895763703
            ],
            [
                0.9474096657946304,
                -0.0013997399308491212,
                0.32002035536436485
            ],
            [
                0.18791383873049622,
                0.8118762419971222,
                -0.5527616323596187
            ]
        ],
        "t": [
            -32.91930728507555,
            -47.0008421636843,
            1958.8442527267973
        ]
    }
]