[
    {
        "scene_id": 14,
        "image_id": 2,
        "category_id": 14,
        "R": [
            [
                0.8425940324160864,
                -0.5321452888462103,
                -0.08280512119176425
            ],
            [
                0.022434607892901606,
                -0.11893945933053351,
                0.9926480208930313
            ],
            [
                -0.5380817641450889,
                -0.8382569991195683,
                -0.08827920775338344
            ]
        ],
        "t": [
            -99.0584200321623,
            -259.9514766259801,
            2122.9631298048516
        ]
    },
    {
        "scene_id": 14,
        "image_id": 2,
        "category_id": 14,
        "R": [
            [
                0.7771758778957072,
                -0.11848254639766585,
                -0.6180287541985097
            ],
            [
                0.3394527737307508,
                -0.7480390533008806,
                0.5702713294066455
            ],
            [
                -0.5298768434490573,
                -0.6529926959284059,
                -0.5411386789360155
            ]
        ],
        "t": [
            166.6989387984538,
            -211.12978913489965,
            2026.7500987822536
        ]
    },
    {
        "scene_id": 14,
        "image_id": 2,
        "category_id": 14,
        "R": [
            [
                0.6629954007754465,
                -0.6791253637168085,
                0.3150013315957849
            ],
            [
                0.6131052234071508,
                0.73402211681576,
                0.29208477717296166
            ],
            [
                -0.4295801247514518,
                -0.000521902120611208,
                0.9030285953593625
            ]
        ],
        "t": [
            147.8870086942518,
            -366.8113207061203,
            2061.4980746402043
        ]
    },
    {
        "scene_id": 14,
        "image_id": 2,
        "category_id": 14,
        "R": [
            [
                0.7387834368015731,
                -0.645498282322396,
                -0.1937291950803799
            ],
            [
                0.44696272770449524,
                0.2541426587686299,
                0.8576921528363006
            ],
            [
                -0.5044039586983959,
                -0.7202384858592649,
                0.4762700598783631
            ]
        ],
        "t": [
            3.636415217003787,
            -390.40421851132896,
            2091.209528769389
        ]
    },
    {
        "scene_id": 14,
        "image_id": 2,
        "category_id": 14,
        "R": [
            [
                0.6241934095009588,
                -0.6373230351635768,
                0.4518870836674307
            ],
            [
                0.6787008045037756,
                0.7288278357643532,
                0.09041683350447957
            ],
            [
                -0.3869726159581532,
                0.2502585356485085,
                0.8874811884392636
            ]
        ],
        "t": [
            87.5229419050022,
            -258.0852690529494,
            2053.2010130269055
        ]
    },
    {
        "scene_id": 14,
        "image_id": 2,
        "category_id": 14,
        "R": [
            [
                0.6532747479697909,
                -0.6785186137071348,
                0.3359234950371193
            ],
            [
                0.6323789762794882,
                0.7329702000801263,
                0.2507020465696388
            ],
            [
                -0.4163279164609455,
                0.04865363961151008,
                0.9079118290494076
            ]
        ],
        "t": [
            32.46721020415225,
            -137.95805008909116,
            2093.437375064693
        ]
    }
]