[
    {
        "scene_id": 14,
        "image_id": 4,
        "category_id": 14,
        "R": [
            [
                0.9780580986338561,
                0.18670359250548235,
                -0.09243443212500783
            ],
            [
                0.19707252780135157,
                -0.6852544455405726,
                0.7011339127819081
            ],
            [
                0.06756311480912783,
                -0.7039659888179467,
                -0.7070128090104584
            ]
        ],
        "t": [
            288.27743780514277,
            -186.3967463806872,
            1889.8760987925805
        ]
    },
    {
        "scene_id": 14,
        "image_id": 4,
        "category_id": 14,
        "R": [
            [
                0.9897441865513513,
                -0.008383361689869563,
                0.14260492429989785
            ],
            [
                -0.09154699758462445,
                -0.8035616388146006,
                0.5881393031066994
            ],
            [
                0.10966126217148661,
                -0.5951625087926576,
                -0.7960879321448017
            ]
        ],
        "t": [
            22.020375869818594,
            -236.28085938540434,
            1797.343372413097
        ]
    },
    {
        "scene_id": 14,
        "image_id": 4,
        "category_id": 14,
        "R": [
            [
                0.9545111644387541,
                -0.06315589316823596,
                -0.29140996914981354
            ],
            [
                0.289210968848972,
                0.4339319947012005,
                0.85326434325599
            ],
            [
                0.07256343748205352,
                -0.898729301365411,
                0.4324583106011824
            ]
        ],
        "t": [
            120.93377480877034,
            -366.2295162658279,
            1841.212571369568
        ]
    },
    {
        "scene_id": 14,
        "image_id": 4,
        "category_id": 14,
        "R": [
            [
                0.8715288286649328,
                -0.2522163167923246,
                -0.42050497065985215
            ],
            [
                0.48081826935532257,
                0.6077928151310165,
                0.6319823460582311
            ],
            [
                0.09618364029335766,
                -0.7529773060450276,
                0.6509791731853567
            ]
        ],
        "t": [
            251.1130578017593,
            -343.4838927045861,
            1904.182059067814
        ]
    },
    {
        "scene_id": 14,
        "image_id": 4,
        "category_id": 14,
        "R": [
            [
                0.6846655103380813,
                -0.6526731235506954,
                -0.32442400149814987
            ],
            [
                0.7246449912515601,
                0.6573431344288124,
                0.20685656932601731
            ],
            [
                0.07824816679973891,
                -0.37671978633180553,
                0.9230164825064602
            ]
        ],
        "t": [
            210.30280439323292,
            -233.36477980785102,
            1860.6266276043732
        ]
    },
    {
        "scene_id": 14,
        "image_id": 4,
        "category_id": 14,
        "R": [
            [
                0.9926746583632619,
                0.12041936000821737,
                0.009808179168054007
            ],
            [
                0.0727587080243684,
                -0.6606418856475569,
                0.7471669621541529
            ],
            [
                0.09645306138223944,
                -0.7409800784523504,
                -0.6645640151909689
            ]
        ],
        "t": [
            134.84506974547784,
            -114.68994976739376,
            1855.6520185276531
        ]
    },
    {
        "scene_id": 14,
        "image_id": 4,
        "category_id": 14,
        "R": [
            [
                0.9223219528448732,
                -0.22882642423207528,
                -0.3113851038081017
            ],
            [
                -0.37813965261943366,
                -0.3685162682938885,
                -0.8492385784451865
            ],
            [
                0.0795777507678762,
                0.9010184390876297,
                -0.42641898879718854
            ]
        ],
        "t": [
            489.343690729011,
            -233.80954641133619,
            2001.026867208314
        ]
    }
]