[
    {
        "scene_id": 14,
        "image_id": 4,
        "category_id": 1,
        "R": [
            [
                0.31785832032390254,
                0.8721682470528017,
                -0.3718718201226753
            ],
            [
                0.8987656636187042,
                -0.40207927209633754,
                -0.1747930973606796
            ],
            [
                -0.30197089663704285,
                -0.2786661704884784,
                -0.9116790496757614
            ]
        ],
        "t": [
            -21.082203093439887,
            246.5786740892794,
            1902.7654065914794
        ]
    },
    {
        "scene_id": 14,
        "image_id": 4,
        "category_id": 1,
        "R": [
            [
                0.31795801008844393,
                0.872034566953475,
                -0.3721000287913214
            ],
            [
                0.8987276403116612,
                -0.4022203942264534,
                -0.17466387446343645
            ],
            [
                -0.3019791129694574,
                -0.2788807904896859,
                -0.9116106990564666
            ]
        ],
        "t": [
            246.4367934894259,
            -99.81923835321993,
            1889.3497586857663
        ]
    },
    {
        "scene_id": 14,
        "image_id": 4,
        "category_id": 1,
        "R": [
            [
                0.3179466863706179,
                0.8720522647212012,
                -0.3720682273296228
            ],
            [
                0.8987320129350056,
                -0.4022031391964865,
                -0.17468110882609447
            ],
            [
                -0.3019780221502374,
                -0.27885033478913923,
                -0.9116203768753788
            ]
        ],
        "t": [
            338.5592729677654,
            -94.7312194309975,
            1919.5172437046651
        ]
    },
    {
        "scene_id": 14,
        "image_id": 4,
        "category_id": 1,
        "R": [
            [
                0.3179376339576317,
                0.8720670679647208,
                -0.37204126579248914
            ],
            [
                0.8987351730144348,
                -0.4021893461688413,
                -0.17469660743535478
            ],
            [
                -0.30197814823354846,
                -0.27882393296863633,
                -0.911628410593664
            ]
        ],
        "t": [
            389.3491516244479,
            421.983568874717,
            2024.810328850609
        ]
    },
    {
        "scene_id": 14,
        "image_id": 4,
        "category_id": 1,
        "R": [
            [
                0.3176124250388678,
                0.8724705849436647,
                -0.3713723730120874
            ],
            [
                0.8988580126074135,
                -0.40174505976108854,
                -0.17508645339785647
            ],
            [
                -0.3019547531672695,
                -0.27820138774186653,
                -0.9118263329748624
            ]
        ],
        "t": [
            60.5862259222103,
            -157.68151872155738,
            1857.0795281816302
        ]
    },
    {
        "scene_id": 14,
        "image_id": 4,
        "category_id": 1,
        "R": [
            [
                0.31804387519655725,
                0.8719027819733409,
                -0.37233539424119405
            ],
            [
                0.8986992093308858,
                -0.40234568784182484,
                -0.17452153064180542
            ],
            [
                -0.30197330495293756,
                -0.27911200809796305,
                -0.9115418567677045
            ]
        ],
        "t": [
            155.81116707191455,
            -130.31642578379808,
            1878.2621966099425
        ]
    }
]