[
    {
        "scene_id": 10,
        "image_id": 4,
        "category_id": 0,
        "R": [
            [
                -0.8044621165162079,
                0.27837391878129353,
                0.5247367702003063
            ],
            [
                0.476609697798729,
                -0.22473805653049714,
                0.8499035756752223
            ],
            [
                0.35451929438780416,
                0.9338097863275397,
                0.04811755889360935
            ]
        ],
        "t": [
            -144.99584609881632,
            436.6261440869505,
            1978.8571145848573
        ]
    },
    {
        "scene_id": 10,
        "image_id": 4,
        "category_id": 0,
        "R": [
            [
                -0.06890571873023912,
                0.22294003447607982,
                0.972393827891618
            ],
            [
                0.9489520092935324,
                -0.2860856047432207,
                0.1328352244357743
            ],
            [
                0.3078021636778346,
                0.9319081057034133,
                -0.19184644163421843
            ]
        ],
        "t": [
            28.641214823411985,
            -96.04568866997818,
            1867.2407336876408
        ]
    },
    {
        "scene_id": 10,
        "image_id": 4,
        "category_id": 0,
        "R": [
            [
                -0.11411937143181596,
                0.2247946022332247,
                0.9677004543961182
            ],
            [
                0.9405988293951746,
                -0.2890734047121346,
                0.17807440822024728
            ],
            [
                0.31976662760848457,
                0.9305395764704814,
                -0.17845264665514485
            ]
        ],
        "t": [
            55.66944075406337,
            342.18212500955815,
            1980.7287783210227
        ]
    },
    {
        "scene_id": 10,
        "image_id": 4,
        "category_id": 0,
        "R": [
            [
                -0.10782202398006326,
                0.2336564472356746,
                0.9663224562110132
            ],
            [
                0.9458399201942368,
                -0.27526377856745676,
                0.17209527480484707
            ],
            [
                0.30620473901579404,
                0.9325419381973615,
                -0.19132207900702503
            ]
        ],
        "t": [
            3.7164047863251426,
            390.6140953191789,
            1986.2544828724103
        ]
    },
    {
        "scene_id": 10,
        "image_id": 4,
        "category_id": 0,
        "R": [
            [
                0.10032218718843361,
                0.21634214256027468,
                0.9711496021096848
            ],
            [
                0.9585322089575591,
                -0.2826959554710956,
                -0.036042852074384235
            ],
            [
                0.26674247807627693,
                0.934493993257351,
                -0.235731570995167
            ]
        ],
        "t": [
            -222.78115231160092,
            -50.236440647278414,
            1846.7767579598074
        ]
    },
    {
        "scene_id": 10,
        "image_id": 4,
        "category_id": 0,
        "R": [
            [
                -0.3092771051561517,
                0.23061698175480877,
                0.9225852229036475
            ],
            [
                0.8964393273834749,
                -0.2531024719571237,
                0.3637798194566125
            ],
            [
                0.3174024004000526,
                0.9395503685990207,
                -0.12845531399642787
            ]
        ],
        "t": [
            82.08085181300015,
            -143.3336024548097,
            1865.5630186039864
        ]
    },
    {
        "scene_id": 10,
        "image_id": 4,
        "category_id": 0,
        "R": [
            [
                -0.4984641199487212,
                0.271289164628018,
                0.8233685225018135
            ],
            [
                0.7766142910778094,
                -0.28231358192906264,
                0.5631779207200183
            ],
            [
                0.3852321724680405,
                0.9201636713042273,
                -0.06996383291152791
            ]
        ],
        "t": [
            113.14063471103276,
            198.80758940233864,
            1951.8043303475465
        ]
    },
    {
        "scene_id": 10,
        "image_id": 4,
        "category_id": 0,
        "R": [
            [
                0.8972515905170856,
                0.12931794747761743,
                0.42215692028246715
            ],
            [
                0.4415109842125075,
                -0.26878698311185817,
                -0.8560500537724176
            ],
            [
                0.0027676589992711013,
                0.9544791106138419,
                -0.29826483881555005
            ]
        ],
        "t": [
            -143.041448917079,
            338.7441322303627,
            1955.4986068064463
        ]
    },
    {
        "scene_id": 10,
        "image_id": 4,
        "category_id": 0,
        "R": [
            [
                0.2523383150062023,
                0.20350778515838192,
                0.9459968127469569
            ],
            [
                0.9383787524317909,
                -0.29006310262276014,
                -0.18790635836991637
            ],
            [
                0.23615836691953224,
                0.9351192047502029,
                -0.2641613999990156
            ]
        ],
        "t": [
            51.03924006657064,
            439.20201169695883,
            2008.090539648709
        ]
    },
    {
        "scene_id": 10,
        "image_id": 4,
        "category_id": 0,
        "R": [
            [
                0.9880874226365196,
                0.12126502314547993,
                0.09475258812658444
            ],
            [
                0.12438286449018536,
                -0.2667300769245488,
                -0.9557112823020718
            ],
            [
                -0.09062097576017106,
                0.9561118169021225,
                -0.2786359254306393
            ]
        ],
        "t": [
            9.690174040222303,
            293.92255655899515,
            1963.473653341488
        ]
    },
    {
        "scene_id": 10,
        "image_id": 4,
        "category_id": 0,
        "R": [
            [
                0.3162143645599287,
                0.1940781591944985,
                0.9286237975290508
            ],
            [
                0.9226767569238093,
                -0.2905574674979111,
                -0.2534640928182755
            ],
            [
                0.22062673830758106,
                0.9369685027518658,
                -0.2709498363219233
            ]
        ],
        "t": [
            222.01409628299893,
            5.227201820980099,
            1917.656026106449
        ]
    },
    {
        "scene_id": 10,
        "image_id": 4,
        "category_id": 0,
        "R": [
            [
                -0.5799266023004542,
                0.25126265055730307,
                0.7749530501564658
            ],
            [
                0.7464902154777636,
                -0.21704968248098452,
                0.6290006991771117
            ],
            [
                0.32624768815553323,
                0.9432690306967797,
                -0.061692206231580095
            ]
        ],
        "t": [
            -137.1153825228631,
            243.57151293040494,
            1927.4677792349482
        ]
    },
    {
        "scene_id": 10,
        "image_id": 4,
        "category_id": 0,
        "R": [
            [
                -0.13138406021780888,
                0.2516374455230314,
                0.9588622624230068
            ],
            [
                0.9467322854337951,
                -0.2550078124832628,
                0.1966445557960708
            ],
            [
                0.2940005005675639,
                0.9336217441434334,
                -0.20472931186517432
            ]
        ],
        "t": [
            160.82416101322076,
            246.70125468709267,
            1973.2811510090874
        ]
    },
    {
        "scene_id": 10,
        "image_id": 4,
        "category_id": 0,
        "R": [
            [
                0.969602576245706,
                0.08587329837492423,
                -0.22912144013937544
            ],
            [
                -0.20881451553156172,
                -0.19769967038145406,
                -0.9577637623489484
            ],
            [
                -0.1275435613395768,
                0.9764940147809967,
                -0.17375852688688476
            ]
        ],
        "t": [
            170.5790854683782,
            52.56424517287746,
            1923.9449412108622
        ]
    },
    {
        "scene_id": 10,
        "image_id": 4,
        "category_id": 0,
        "R": [
            [
                0.4029495150719752,
                0.2163087520939777,
                0.8892931044590677
            ],
            [
                0.8999420220713701,
                -0.27045852648211477,
                -0.34198922263376424
            ],
            [
                0.1665416482978473,
                0.9381165482265049,
                -0.30364645220060776
            ]
        ],
        "t": [
            58.639552112035915,
            412.989674997855,
            1880.368106880705
        ]
    },
    {
        "scene_id": 10,
        "image_id": 4,
        "category_id": 0,
        "R": [
            [
                -0.45433559759825576,
                0.25667983658290877,
                0.853050197710807
            ],
            [
                0.814602772943897,
                -0.2678692807464111,
                0.5144593830215786
            ],
            [
                0.36055728399935516,
                0.9286341906959783,
                -0.08738953846786054
            ]
        ],
        "t": [
            161.0114174282936,
            232.16757806794084,
            1847.5711553247795
        ]
    },
    {
        "scene_id": 10,
        "image_id": 4,
        "category_id": 0,
        "R": [
            [
                -0.47022675147726295,
                0.25006896229012204,
                0.8463759979240448
            ],
            [
                0.8042977152777747,
                -0.2733616266205939,
                0.5276160463108799
            ],
            [
                0.36330710700384006,
                0.9288373836950695,
                -0.07258792777859899
            ]
        ],
        "t": [
            63.517558786897496,
            322.25460697258325,
            1856.2956285173577
        ]
    },
    {
        "scene_id": 10,
        "image_id": 4,
        "category_id": 0,
        "R": [
            [
                -0.05727618331604379,
                0.22054582865769065,
                0.973693478387362
            ],
            [
                0.9636090544293013,
                -0.24286304257551525,
                0.11169251902997501
            ],
            [
                0.2611074816275252,
                0.9446570954963216,
                -0.19860967140292501
            ]
        ],
        "t": [
            9.190654307941713,
            227.6636484195982,
            1570.8847337445804
        ]
    },
    {
        "scene_id": 10,
        "image_id": 4,
        "category_id": 0,
        "R": [
            [
                0.4442654221055984,
                0.21828058445263454,
                0.8688969068537366
            ],
            [
                0.8823909207002714,
                -0.27437261375799704,
                -0.3822381691037174
            ],
            [
                0.1549663525958617,
                0.936521865373334,
                -0.3145030553889392
            ]
        ],
        "t": [
            109.02955138020002,
            211.22244477448442,
            2093.142892356372
        ]
    },
    {
        "scene_id": 10,
        "image_id": 4,
        "category_id": 0,
        "R": [
            [
                -0.27187315193261824,
                0.2685140928977677,
                0.9241131882735758
            ],
            [
                0.922886263745879,
                -0.1993710771188391,
                0.32944226175777075
            ],
            [
                0.2727013317315883,
                0.9424177971366539,
                -0.19360430243181045
            ]
        ],
        "t": [
            10.972177394515711,
            422.95043350318815,
            2093.2078189574
        ]
    },
    {
        "scene_id": 10,
        "image_id": 4,
        "category_id": 0,
        "R": [
            [
                0.3704950529266088,
                0.1948043684504768,
                0.9081765727859095
            ],
            [
                0.9050827408697439,
                -0.2954174868975223,
                -0.30586570034787086
            ],
            [
                0.2087072707229132,
                0.9352965923440943,
                -0.28576477408020295
            ]
        ],
        "t": [
            161.4153771065541,
            -49.39647778758251,
            1704.9942556160004
        ]
    },
    {
        "scene_id": 10,
        "image_id": 4,
        "category_id": 0,
        "R": [
            [
                0.8458536183601166,
                0.16613769440898313,
                0.5068825666475475
            ],
            [
                0.5333138725120163,
                -0.2819135799737615,
                -0.7975594854598891
            ],
            [
                0.01039239629124605,
                0.944946002538132,
                -0.32706115176633577
            ]
        ],
        "t": [
            121.3764291716144,
            3.033305800784092,
            2043.0030173228906
        ]
    }
]