[
    {
        "scene_id": 10,
        "image_id": 2,
        "category_id": 0,
        "R": [
            [
                0.8329164411657717,
                -0.05761470305245645,
                0.5503914808756867
            ],
            [
                0.5414472848657684,
                -0.12073859882128957,
                -0.8320199008807618
            ],
            [
                0.11439007063246943,
                0.991010956798433,
                -0.06936982233244184
            ]
        ],
        "t": [
            279.279735700208,
            -423.49360359941204,
            1962.3482229590504
        ]
    },
    {
        "scene_id": 10,
        "image_id": 2,
        "category_id": 0,
        "R": [
            [
                0.7318640263083936,
                -0.0789496005320166,
                0.6768619074553615
            ],
            [
                0.6755004377456358,
                -0.04692338125376168,
                -0.7358650976181995
            ],
            [
                0.0898568994399439,
                0.995773635818836,
                0.01898896615029554
            ]
        ],
        "t": [
            121.8147105551211,
            20.75788080609928,
            1915.3457234765706
        ]
    },
    {
        "scene_id": 10,
        "image_id": 2,
        "category_id": 0,
        "R": [
            [
                -0.7375234088155915,
                0.11709129586045872,
                0.665093139398804
            ],
            [
                0.6723489650518734,
                0.035008420639770936,
                0.7394060905033564
            ],
            [
                0.06329413979470326,
                0.9925039135451278,
                -0.10454573386578435
            ]
        ],
        "t": [
            276.85689359927846,
            -323.96936342797585,
            1961.0345175471361
        ]
    },
    {
        "scene_id": 10,
        "image_id": 2,
        "category_id": 0,
        "R": [
            [
                -0.67497863133581,
                0.02096375490469122,
                0.7375394243109593
            ],
            [
                0.7373980484267655,
                -0.015321109745277265,
                0.6752847316266263
            ],
            [
                0.02545641170293783,
                0.9996628242972275,
                -0.005117208768690891
            ]
        ],
        "t": [
            -69.1585270985062,
            114.52413563374768,
            1851.5126102662866
        ]
    },
    {
        "scene_id": 10,
        "image_id": 2,
        "category_id": 0,
        "R": [
            [
                -0.29618814831334167,
                0.014385308658027252,
                0.9550212970851155
            ],
            [
                0.9526252746769301,
                -0.06791103780377587,
                0.2964679813851607
            ],
            [
                0.06912125501462643,
                0.9975876566902985,
                0.006410641827804324
            ]
        ],
        "t": [
            -63.13344304837426,
            -85.41479023926743,
            1847.9110269663788
        ]
    },
    {
        "scene_id": 10,
        "image_id": 2,
        "category_id": 0,
        "R": [
            [
                0.061991039723726916,
                -0.01939742379467253,
                0.9978882127456511
            ],
            [
                0.9939660055443794,
                -0.08944929583859908,
                -0.06348614251632653
            ],
            [
                0.09049185119127705,
                0.9958024615741293,
                0.013735333820545167
            ]
        ],
        "t": [
            -148.56996296512722,
            -388.3843377940959,
            1817.8852932789443
        ]
    },
    {
        "scene_id": 10,
        "image_id": 2,
        "category_id": 0,
        "R": [
            [
                0.43356799918957817,
                -0.06772261193736077,
                0.8985724634684376
            ],
            [
                0.8857363741962379,
                -0.1514457825184328,
                -0.4387884882019535
            ],
            [
                0.1658008969556165,
                0.9861428922039625,
                -0.0056776516799621575
            ]
        ],
        "t": [
            262.5557421480908,
            75.79070289027652,
            1960.2944035826308
        ]
    },
    {
        "scene_id": 10,
        "image_id": 2,
        "category_id": 0,
        "R": [
            [
                0.46637496068421297,
                -0.021399825896467325,
                0.8843282635373635
            ],
            [
                0.8822875499140255,
                -0.06078517971884982,
                -0.46676967359579774
            ],
            [
                0.06374283443711652,
                0.9979214335023681,
                -0.009467872980929286
            ]
        ],
        "t": [
            72.44347050479375,
            69.92174803783081,
            1895.161184962709
        ]
    },
    {
        "scene_id": 10,
        "image_id": 2,
        "category_id": 0,
        "R": [
            [
                0.7790562956643454,
                -0.0452920443596311,
                0.6253158826513865
            ],
            [
                0.6215785976922094,
                -0.07452938027977711,
                -0.7797983748133703
            ],
            [
                0.0819230638625149,
                0.9961897310940078,
                -0.02991000291723501
            ]
        ],
        "t": [
            118.53744421220026,
            121.05482470400636,
            1917.5345525037196
        ]
    },
    {
        "scene_id": 10,
        "image_id": 2,
        "category_id": 0,
        "R": [
            [
                -0.21050807665858895,
                0.09593594320439973,
                0.9728734134796742
            ],
            [
                0.9449533621621119,
                -0.23503513862077416,
                0.22764383134077748
            ],
            [
                0.2504986352431697,
                0.9672408012791591,
                -0.04117818702227504
            ]
        ],
        "t": [
            265.79518995516094,
            -23.80801122326065,
            1960.5893560526483
        ]
    },
    {
        "scene_id": 10,
        "image_id": 2,
        "category_id": 0,
        "R": [
            [
                0.7595884338332289,
                -0.10239537295139672,
                0.6422932608844153
            ],
            [
                0.6272287453034843,
                -0.14594242455490353,
                -0.7650392125737914
            ],
            [
                0.1720743006004026,
                0.9839796627900009,
                -0.046630840576166004
            ]
        ],
        "t": [
            220.59682684830045,
            -75.50159481648284,
            1947.387451371928
        ]
    },
    {
        "scene_id": 10,
        "image_id": 2,
        "category_id": 0,
        "R": [
            [
                0.23098824358988138,
                0.0030449919128718544,
                0.9729517940474341
            ],
            [
                0.9727375161930333,
                -0.021942056132901743,
                -0.23086870242357105
            ],
            [
                0.02064556195830373,
                0.9997545957301124,
                -0.008030323295296852
            ]
        ],
        "t": [
            171.66319162198656,
            -26.882967901702216,
            1931.862370808774
        ]
    },
    {
        "scene_id": 10,
        "image_id": 2,
        "category_id": 0,
        "R": [
            [
                0.8087498842779125,
                -0.035565002674553585,
                0.5870764766687819
            ],
            [
                0.5867501009360953,
                -0.02010807972447947,
                -0.809518419294305
            ],
            [
                0.040595504961080414,
                0.9991650376758925,
                0.004605373749118959
            ]
        ],
        "t": [
            -103.87464289462255,
            -337.0297259503242,
            1834.826377668239
        ]
    },
    {
        "scene_id": 10,
        "image_id": 2,
        "category_id": 0,
        "R": [
            [
                0.47509880600286586,
                -0.10222198948678947,
                -0.8739747270903333
            ],
            [
                -0.8715920927760774,
                0.08175826973203577,
                -0.4833662132753126
            ],
            [
                0.12086532054234182,
                0.9913960990920632,
                -0.050252621817361336
            ]
        ],
        "t": [
            282.9986157568171,
            -522.427486833973,
            1962.5133816693888
        ]
    },
    {
        "scene_id": 10,
        "image_id": 2,
        "category_id": 0,
        "R": [
            [
                0.94558413485626,
                -0.2324607835797006,
                -0.2276678769573313
            ],
            [
                -0.22639074831594297,
                0.03252872704254441,
                -0.9734932963248452
            ],
            [
                0.23370475456136852,
                0.972061644910872,
                -0.02186831481531412
            ]
        ],
        "t": [
            75.72042921134982,
            -28.58729387073285,
            1898.1729161660396
        ]
    },
    {
        "scene_id": 10,
        "image_id": 2,
        "category_id": 0,
        "R": [
            [
                0.8075987265003767,
                -0.03942356399265642,
                0.5884132168380443
            ],
            [
                0.5870781540213669,
                -0.04081332129866198,
                -0.808500835417571
            ],
            [
                0.05588908059892029,
                0.9983887182046128,
                -0.009816060097575286
            ]
        ],
        "t": [
            -69.76882902067308,
            15.34445140751194,
            1852.8432812966112
        ]
    },
    {
        "scene_id": 10,
        "image_id": 2,
        "category_id": 0,
        "R": [
            [
                -0.23447497778751444,
                0.06273266657558067,
                0.9700959393423262
            ],
            [
                0.9711466589804713,
                -0.029579431682985644,
                0.2366417354733813
            ],
            [
                0.0435400400993219,
                0.9975919249672673,
                -0.05398697206301451
            ]
        ],
        "t": [
            -146.21869382635754,
            -487.04356046549555,
            1823.2466520352896
        ]
    },
    {
        "scene_id": 10,
        "image_id": 2,
        "category_id": 0,
        "R": [
            [
                0.5070202060565212,
                0.06357320027737776,
                -0.8595865244694708
            ],
            [
                -0.8492414402622775,
                0.2073620163932986,
                -0.48558218387213514
            ],
            [
                0.1473755828423356,
                0.9761964054515198,
                0.15912571310035153
            ]
        ],
        "t": [
            157.04858154850433,
            65.43946577599297,
            1797.1247263727375
        ]
    },
    {
        "scene_id": 10,
        "image_id": 2,
        "category_id": 0,
        "R": [
            [
                -0.051346495016265176,
                -0.12730648500244213,
                0.9905335080240734
            ],
            [
                0.997738603315997,
                0.03653777098792197,
                0.05641593515800374
            ],
            [
                -0.043374006686074315,
                0.9911902064169307,
                0.12514250777190195
            ]
        ],
        "t": [
            32.35718080815431,
            22.615652922767936,
            2030.4298765195608
        ]
    },
    {
        "scene_id": 10,
        "image_id": 2,
        "category_id": 0,
        "R": [
            [
                -0.10223996810027974,
                0.07368183180456896,
                0.9920272228005571
            ],
            [
                0.9946302535902681,
                -0.008522416886552208,
                0.10314123350457258
            ],
            [
                0.01605409403271535,
                0.9972453734698407,
                -0.07241483385376705
            ]
        ],
        "t": [
            -66.3033176818976,
            -368.89492985938386,
            1726.3077242052927
        ]
    },
    {
        "scene_id": 10,
        "image_id": 2,
        "category_id": 0,
        "R": [
            [
                0.8466717777730384,
                -0.06846683544889327,
                0.5276923605272918
            ],
            [
                0.5289326040529561,
                -1.6628560761785213e-05,
                -0.8486638834595965
            ],
            [
                0.058114104421152196,
                0.9976533807739633,
                0.036200272124537226
            ]
        ],
        "t": [
            35.251053400335934,
            129.68619074079913,
            2028.0519468063408
        ]
    },
    {
        "scene_id": 10,
        "image_id": 2,
        "category_id": 0,
        "R": [
            [
                0.8393005114866811,
                0.00413180203095372,
                0.5436521073469517
            ],
            [
                0.5411377767839617,
                -0.10270824561018535,
                -0.8346382508706772
            ],
            [
                0.052388993584961685,
                0.9947029327750723,
                -0.08843893873236307
            ]
        ],
        "t": [
            211.24107201137443,
            -559.1856336415781,
            2080.4761675806094
        ]
    },
    {
        "scene_id": 10,
        "image_id": 2,
        "category_id": 0,
        "R": [
            [
                0.20652395264627207,
                -0.04245003276989401,
                0.9775202739042315
            ],
            [
                0.9617651458478614,
                -0.17485984073015937,
                -0.2107888216380052
            ],
            [
                0.1798770125882885,
                0.9836777995919879,
                0.004714227026662479
            ]
        ],
        "t": [
            -168.54226695120207,
            122.28009683307744,
            1964.534939414948
        ]
    },
    {
        "scene_id": 10,
        "image_id": 2,
        "category_id": 0,
        "R": [
            [
                -0.08574117660949103,
                -0.003668919058860323,
                0.996310706486269
            ],
            [
                0.9879374708369034,
                -0.12973878349714527,
                0.0845428220994381
            ],
            [
                0.12894993980267913,
                0.9915414101583954,
                0.014748626046784327
            ]
        ],
        "t": [
            243.15096916633297,
            -118.04688927385902,
            1833.3290380626565
        ]
    },
    {
        "scene_id": 10,
        "image_id": 2,
        "category_id": 0,
        "R": [
            [
                0.6807140458166742,
                0.0189436040974527,
                0.7323042823064073
            ],
            [
                0.7325284205188584,
                -0.025146805715184874,
                -0.6802718855648401
            ],
            [
                0.0055283119509552765,
                0.9995042550684745,
                -0.03099449743531863
            ]
        ],
        "t": [
            -14.45108906920234,
            73.7676877894815,
            2011.7064065900468
        ]
    },
    {
        "scene_id": 10,
        "image_id": 2,
        "category_id": 0,
        "R": [
            [
                0.8907316816603299,
                -0.16712274748123754,
                0.42269030359530674
            ],
            [
                0.4217000722345076,
                -0.043155774739811685,
                -0.9057078531068903
            ],
            [
                0.16960590483089147,
                0.9849911384522255,
                0.032035468177713466
            ]
        ],
        "t": [
            -117.78950867102583,
            72.42495435654257,
            1981.689680511974
        ]
    },
    {
        "scene_id": 10,
        "image_id": 2,
        "category_id": 0,
        "R": [
            [
                0.10230073113973699,
                0.165777711992703,
                0.9808426707721013
            ],
            [
                0.9934803772063279,
                -0.06689775431840927,
                -0.09231206621347286
            ],
            [
                0.05031287778763732,
                0.9838914695832195,
                -0.17154057075333773
            ]
        ],
        "t": [
            -14.966809576224676,
            -401.63406493878495,
            2413.051584257789
        ]
    },
    {
        "scene_id": 10,
        "image_id": 2,
        "category_id": 0,
        "R": [
            [
                0.9624817426939174,
                -0.20085123781913308,
                -0.18244919687411765
            ],
            [
                -0.18263154779538174,
                0.017783287746361273,
                -0.9830206302119338
            ],
            [
                0.20068545297557513,
                0.9794603158604149,
                -0.019565674608509852
            ]
        ],
        "t": [
            153.6700491954796,
            -296.3312079300471,
            2062.9802035819116
        ]
    },
    {
        "scene_id": 10,
        "image_id": 2,
        "category_id": 0,
        "R": [
            [
                0.602947935531235,
                0.06427945171713868,
                -0.7951867537366142
            ],
            [
                -0.7868484046017047,
                0.2123600187278312,
                -0.5794591423190609
            ],
            [
                0.13161856074382777,
                0.9750750506258618,
                0.17862020355765598
            ]
        ],
        "t": [
            -22.57162616851079,
            -126.81535817860255,
            1732.3561856486797
        ]
    },
    {
        "scene_id": 10,
        "image_id": 2,
        "category_id": 0,
        "R": [
            [
                0.7759941617501103,
                -0.03784675017062541,
                0.6296036202436222
            ],
            [
                0.6291372130559714,
                -0.024674907234895956,
                -0.7769025698867194
            ],
            [
                0.044938647033190164,
                0.9989788532898785,
                0.004663227074438743
            ]
        ],
        "t": [
            -203.84019395613217,
            -361.25832149536393,
            1946.1968647184403
        ]
    },
    {
        "scene_id": 10,
        "image_id": 2,
        "category_id": 0,
        "R": [
            [
                0.9232460334873891,
                -0.17624752595731,
                -0.3413994807206633
            ],
            [
                -0.3604339427566308,
                -0.08958426631963282,
                -0.9284730039868455
            ],
            [
                0.13305704991563716,
                0.9802609074744636,
                -0.14623389398279144
            ]
        ],
        "t": [
            58.49139016158821,
            -70.52801554742034,
            1707.7655630954716
        ]
    }
]