[
    {
        "scene_id": 14,
        "image_id": 2,
        "category_id": 14,
        "R": [
            [
                0.995893643420324,
                -0.07638560635626582,
                -0.04859104996374636
            ],
            [
                0.0559001459615223,
                0.09665977172566292,
                0.9937464778359839
            ],
            [
                -0.07121112747649941,
                -0.9923820472335889,
                0.100532818780722
            ]
        ],
        "t": [
            -61.22853260759024,
            111.77253011545048,
            1831.5356666302653
        ]
    },
    {
        "scene_id": 14,
        "image_id": 2,
        "category_id": 14,
        "R": [
            [
                0.9289126411551182,
                0.21316397144611932,
                -0.30279106060044214
            ],
            [
                0.36940794928532794,
                -0.590135154785441,
                0.7178288557108666
            ],
            [
                -0.02567239971313801,
                -0.7786537230140761,
                -0.6269284708236554
            ]
        ],
        "t": [
            217.81345958120517,
            155.541607887714,
            1881.4086184858397
        ]
    },
    {
        "scene_id": 14,
        "image_id": 2,
        "category_id": 14,
        "R": [
            [
                0.7765063275118934,
                -0.6123069883530707,
                -0.14872146902174438
            ],
            [
                0.6264954083743035,
                0.7754826472164911,
                0.07829538397644117
            ],
            [
                0.06739010773034569,
                -0.1539701785414837,
                0.985774699157975
            ]
        ],
        "t": [
            187.5572788711694,
            -1.7138303650402804,
            1869.0255221063169
        ]
    },
    {
        "scene_id": 14,
        "image_id": 2,
        "category_id": 14,
        "R": [
            [
                0.8812644626285989,
                -0.2380174644263691,
                -0.408314380760669
            ],
            [
                0.4726198005316846,
                0.4472149310753132,
                0.7593611325111999
            ],
            [
                0.0018630763046899605,
                -0.8621754415728534,
                0.5066063924738201
            ]
        ],
        "t": [
            46.57261693062708,
            -18.157298724046882,
            1823.1935890045474
        ]
    },
    {
        "scene_id": 14,
        "image_id": 2,
        "category_id": 14,
        "R": [
            [
                0.721189276401449,
                -0.6925274097442007,
                -0.017082574646159632
            ],
            [
                0.6854191059531122,
                0.7169278404369845,
                -0.12733860687473453
            ],
            [
                0.10043244892956985,
                0.08012651470861036,
                0.9917121885116973
            ]
        ],
        "t": [
            136.25921219484582,
            111.30296381133746,
            1857.6356616957496
        ]
    },
    {
        "scene_id": 14,
        "image_id": 2,
        "category_id": 14,
        "R": [
            [
                0.7613951469604392,
                -0.6347451765572055,
                -0.13181802237347498
            ],
            [
                0.6435174803089777,
                0.7646255515717774,
                0.03511436202382299
            ],
            [
                0.07850275614191408,
                -0.11156310645064188,
                0.9906518008650701
            ]
        ],
        "t": [
            66.76918254672137,
            225.33974466674567,
            1892.9541526739015
        ]
    }
]