[
    {
        "scene_id": 8,
        "image_id": 0,
        "category_id": 14,
        "R": [
            [
                0.626695002672638,
                -0.748551969692049,
                -0.2166179177614275
            ],
            [
                0.6771970308839457,
                0.3856099797969039,
                0.6266650818762763
            ],
            [
                -0.3855613504840842,
                -0.5394208859056034,
                0.7485770186572012
            ]
        ],
        "t": [
            157.63070987167566,
            -24.926261937077356,
            1963.5115599816666
        ]
    },
    {
        "scene_id": 8,
        "image_id": 0,
        "category_id": 14,
        "R": [
            [
                0.7658744434017389,
                -0.10400958115739593,
                -0.6345221382832439
            ],
            [
                0.36940952769037844,
                -0.7365370245983963,
                0.5666125768523957
            ],
            [
                -0.5262821845698833,
                -0.6683526153335562,
                -0.5256727535084422
            ]
        ],
        "t": [
            -149.94271993760776,
            -275.5989651962524,
            2059.478092168816
        ]
    },
    {
        "scene_id": 8,
        "image_id": 0,
        "category_id": 14,
        "R": [
            [
                0.8136150864433555,
                0.0811510856886913,
                -0.5757125953141179
            ],
            [
                -0.21421349905642784,
                -0.8787093469721333,
                -0.4265940228903937
            ],
            [
                -0.5405026067779621,
                0.4704087423032812,
                -0.6975475232777139
            ]
        ],
        "t": [
            -56.4188914251356,
            9.925257556855769,
            2051.4625774316332
        ]
    },
    {
        "scene_id": 8,
        "image_id": 0,
        "category_id": 14,
        "R": [
            [
                0.8279456998662574,
                -0.03337295637950616,
                -0.5598144012576535
            ],
            [
                0.0219877116931341,
                -0.995528518143603,
                0.09186680628660811
            ],
            [
                -0.5603770682384076,
                -0.08836976488196117,
                -0.8235097607480036
            ]
        ],
        "t": [
            190.1045950631667,
            -440.5735199994706,
            1900.0952317833635
        ]
    },
    {
        "scene_id": 8,
        "image_id": 0,
        "category_id": 14,
        "R": [
            [
                0.8243299485000645,
                -0.13906372993577518,
                -0.5487635328829994
            ],
            [
                0.0928910088297217,
                -0.9229936084500245,
                0.37343548203002824
            ],
            [
                -0.5584365644229232,
                -0.3588092498483737,
                -0.7479335035541391
            ]
        ],
        "t": [
            22.802619947758103,
            -494.0721768436491,
            1981.6087194499776
        ]
    }
]