[
    {
        "scene_id": 14,
        "image_id": 0,
        "category_id": 14,
        "R": [
            [
                0.7745231176268977,
                -0.23757049505541233,
                -0.5862373240767229
            ],
            [
                0.3443824956472482,
                -0.6190182264884783,
                0.7058449772909291
            ],
            [
                -0.5305795293387066,
                -0.7485831250797638,
                -0.3976288066683943
            ]
        ],
        "t": [
            167.42172919022642,
            -210.9771515095317,
            2028.3684379402505
        ]
    },
    {
        "scene_id": 14,
        "image_id": 0,
        "category_id": 14,
        "R": [
            [
                0.8388204176754185,
                -0.4788016846015205,
                -0.2590931371410336
            ],
            [
                -0.030746621859409042,
                -0.5168225351322018,
                0.8555402459403983
            ],
            [
                -0.5435392829732463,
                -0.7096783877238115,
                -0.4482428291257534
            ]
        ],
        "t": [
            -99.13868823594157,
            -259.68270150180945,
            2124.3362592155145
        ]
    },
    {
        "scene_id": 14,
        "image_id": 0,
        "category_id": 14,
        "R": [
            [
                0.6114485102052912,
                -0.7190668468392698,
                0.3302629091259864
            ],
            [
                0.6882457923745405,
                0.6892372811122673,
                0.22642813341921436
            ],
            [
                -0.3904464734716786,
                0.08885291273559207,
                0.9163278404871973
            ]
        ],
        "t": [
            86.51365314391796,
            -257.9940115703051,
            2053.5099010060367
        ]
    },
    {
        "scene_id": 14,
        "image_id": 0,
        "category_id": 14,
        "R": [
            [
                0.657161907655556,
                -0.6176030428231493,
                0.432093402659769
            ],
            [
                0.6231859095980952,
                0.7676615324580739,
                0.1494493013115691
            ],
            [
                -0.4240018268886405,
                0.1710621322201635,
                0.8893594311162312
            ]
        ],
        "t": [
            149.3389144483333,
            -367.5609415716043,
            2061.73746802975
        ]
    },
    {
        "scene_id": 14,
        "image_id": 0,
        "category_id": 14,
        "R": [
            [
                0.6424494869270007,
                -0.7309002194656973,
                0.23031180154787775
            ],
            [
                0.6457803154679632,
                0.6781679422046681,
                0.35079342399763247
            ],
            [
                -0.4125850711081673,
                -0.07663622740506111,
                0.9076896208218905
            ]
        ],
        "t": [
            31.715008649220863,
            -137.87235704629256,
            2092.3141448674764
        ]
    }
]