[
    {
        "scene_id": 14,
        "image_id": 0,
        "category_id": 0,
        "R": [
            [
                -0.14800390007648775,
                0.6607858356501927,
                0.7358375844278818
            ],
            [
                0.8796090112379787,
                -0.2521616633307025,
                0.40336403515403024
            ],
            [
                0.4520872630037897,
                0.7069488133754291,
                -0.54391226058206
            ]
        ],
        "t": [
            263.13260622755706,
            -457.21827864848035,
            2044.3325364676043
        ]
    },
    {
        "scene_id": 14,
        "image_id": 0,
        "category_id": 0,
        "R": [
            [
                -0.24815992478179333,
                0.7259310610721277,
                0.6414364910054808
            ],
            [
                0.923917778702934,
                -0.021674829724562136,
                0.38197670336494355
            ],
            [
                0.29119177468644886,
                0.6874258805481573,
                -0.6653217826151636
            ]
        ],
        "t": [
            184.84267310433052,
            -14.92902003689835,
            2051.5419748282675
        ]
    },
    {
        "scene_id": 14,
        "image_id": 0,
        "category_id": 0,
        "R": [
            [
                -0.03662850803163579,
                0.6259973096759066,
                0.7789645347307782
            ],
            [
                0.9840305417176768,
                -0.11327697056854298,
                0.13730361563386287
            ],
            [
                0.1741904322871859,
                0.7715541115540193,
                -0.6118512985671949
            ]
        ],
        "t": [
            -234.21919860784942,
            -98.15365878283927,
            2199.224929339899
        ]
    },
    {
        "scene_id": 14,
        "image_id": 0,
        "category_id": 0,
        "R": [
            [
                -0.009741923634002536,
                0.6557364439935673,
                0.7549270406026098
            ],
            [
                0.9850326877454444,
                -0.12363634615117045,
                0.12010295560008473
            ],
            [
                0.17209230157625496,
                0.7447978378886919,
                -0.6447173688750663
            ]
        ],
        "t": [
            164.3409358826034,
            -86.16238307023475,
            2071.84688039698
        ]
    },
    {
        "scene_id": 14,
        "image_id": 0,
        "category_id": 0,
        "R": [
            [
                0.7654016069262748,
                0.5949437216842085,
                0.24536172039186094
            ],
            [
                0.3845601440244115,
                -0.1171202835998382,
                -0.9156398837741395
            ],
            [
                -0.5160173608217957,
                0.7951885685494213,
                -0.31843569067160565
            ]
        ],
        "t": [
            -18.42575515759995,
            222.64012315615702,
            2310.718769900199
        ]
    },
    {
        "scene_id": 14,
        "image_id": 0,
        "category_id": 0,
        "R": [
            [
                0.006454536221438273,
                0.6004063286658303,
                0.7996690597682392
            ],
            [
                0.9995289394812777,
                -0.027868751129519996,
                0.012856664046948145
            ],
            [
                0.030004997675743557,
                0.799209374790296,
                -0.6003033738672927
            ]
        ],
        "t": [
            361.1197828546967,
            -121.81858666883761,
            2007.3110489329315
        ]
    },
    {
        "scene_id": 14,
        "image_id": 0,
        "category_id": 0,
        "R": [
            [
                0.5760032318392693,
                0.4807839738879252,
                0.6611104847555254
            ],
            [
                0.8160961011530764,
                -0.2917339581377793,
                -0.49887725275112943
            ],
            [
                -0.04698381086580848,
                0.826884590564472,
                -0.560405621597627
            ]
        ],
        "t": [
            491.31371762551794,
            -398.0277188182081,
            2028.3444026665986
        ]
    }
]