[
    {
        "scene_id": 14,
        "image_id": 4,
        "category_id": 0,
        "R": [
            [
                0.7809092944540295,
                0.045282947246143374,
                0.623000916605789
            ],
            [
                0.595330255316615,
                -0.3559061641745001,
                -0.7203560060426213
            ],
            [
                0.18911002257451237,
                0.9334239157498309,
                -0.30488873294418767
            ]
        ],
        "t": [
            -220.95028915989576,
            267.64874148431664,
            1875.1122994779316
        ]
    },
    {
        "scene_id": 14,
        "image_id": 4,
        "category_id": 0,
        "R": [
            [
                -0.3844448985529269,
                0.2007757961323975,
                0.9010500614459064
            ],
            [
                0.8144385268871989,
                -0.3857624404110731,
                0.4334481647490642
            ],
            [
                0.43461715607248974,
                0.900486742859706,
                -0.015215130284379165
            ]
        ],
        "t": [
            298.2288631032487,
            -93.24045673500075,
            1883.7606606592772
        ]
    },
    {
        "scene_id": 14,
        "image_id": 4,
        "category_id": 0,
        "R": [
            [
                0.0990944136569682,
                0.2619972194811943,
                0.9599675868141304
            ],
            [
                0.9202526848692897,
                -0.3911480781412198,
                0.011758528467618637
            ],
            [
                0.37857017024954737,
                0.8822474683913455,
                -0.27986421229318176
            ]
        ],
        "t": [
            -107.29662774113353,
            -111.8652384393456,
            1823.6584545407104
        ]
    },
    {
        "scene_id": 14,
        "image_id": 4,
        "category_id": 0,
        "R": [
            [
                0.9876416264810053,
                0.09591395737989404,
                0.12395379780112722
            ],
            [
                0.14006067331470884,
                -0.18520734920779022,
                -0.9726671227220973
            ],
            [
                -0.07033518994784364,
                0.9780075125095623,
                -0.19635226797277297
            ]
        ],
        "t": [
            197.74022643073317,
            273.5535716102414,
            1951.682021763635
        ]
    }
]