[
    {
        "scene_id": 6,
        "image_id": 3,
        "category_id": 1,
        "R": [
            [
                0.06433615244682281,
                0.6773025862166252,
                -0.7328860955722857
            ],
            [
                0.8066899410291237,
                -0.4676302320068097,
                -0.36134924231569276
            ],
            [
                -0.5874624745060723,
                -0.5679640316111626,
                -0.576458699101043
            ]
        ],
        "t": [
            68.78662814666859,
            -399.28514286341846,
            1877.6190042918402
        ]
    },
    {
        "scene_id": 6,
        "image_id": 3,
        "category_id": 1,
        "R": [
            [
                0.06421948828678663,
                0.6775964405268389,
                -0.7326246542398913
            ],
            [
                0.8067416743911826,
                -0.46737963342103783,
                -0.36155790522427544
            ],
            [
                -0.5874041952074892,
                -0.567819786941202,
                -0.5766601537619532
            ]
        ],
        "t": [
            -297.9457701677852,
            -89.3868010011593,
            2086.4322302062697
        ]
    },
    {
        "scene_id": 6,
        "image_id": 3,
        "category_id": 1,
        "R": [
            [
                0.06431139353455528,
                0.6773675071410582,
                -0.7328282662546054
            ],
            [
                0.8066996909301333,
                -0.46757699012490633,
                -0.36139637065886454
            ],
            [
                -0.587451796947603,
                -0.5679304420114173,
                -0.5765026723492427
            ]
        ],
        "t": [
            -47.36469056010674,
            -196.42895556675782,
            1945.3153312559825
        ]
    }
]