[
    {
        "scene_id": 11,
        "image_id": 5,
        "category_id": 0,
        "R": [
            [
                0.00960174582561381,
                0.08816401440756294,
                0.9960597106766503
            ],
            [
                0.9997911989146868,
                -0.01881729104947119,
                -0.007972146873156779
            ],
            [
                0.01804027931746663,
                0.9959282080368158,
                -0.08832626881628428
            ]
        ],
        "t": [
            125.29986329705581,
            87.72866330810018,
            1864.123275775078
        ]
    },
    {
        "scene_id": 11,
        "image_id": 5,
        "category_id": 0,
        "R": [
            [
                0.854768462355152,
                -0.13580781361079267,
                -0.5009262897052553
            ],
            [
                -0.48916177333046884,
                0.11178448676425067,
                -0.8650000433679281
            ],
            [
                0.1734695524530785,
                0.9844086760084798,
                0.029117863507504442
            ]
        ],
        "t": [
            126.99515783662225,
            -207.77240144978066,
            1873.0402038025843
        ]
    },
    {
        "scene_id": 11,
        "image_id": 5,
        "category_id": 0,
        "R": [
            [
                0.028740839892360537,
                0.009743802896529388,
                0.9995394222440672
            ],
            [
                0.9971507404987715,
                -0.07005060854705915,
                -0.027989282956374234
            ],
            [
                0.06974560952221,
                0.9974958393217565,
                -0.011729343222923159
            ]
        ],
        "t": [
            181.0718142639139,
            79.91698460418235,
            1891.7080774691453
        ]
    },
    {
        "scene_id": 11,
        "image_id": 5,
        "category_id": 0,
        "R": [
            [
                -0.9671750052012282,
                0.06102834851879476,
                0.24667404440613855
            ],
            [
                0.24921955792240635,
                0.03825470847817461,
                0.967691209128038
            ],
            [
                0.0496201380294094,
                0.9974026748577356,
                -0.05220845805861574
            ]
        ],
        "t": [
            -156.4330782184602,
            32.06741847413514,
            2210.4196344648026
        ]
    },
    {
        "scene_id": 11,
        "image_id": 5,
        "category_id": 0,
        "R": [
            [
                -0.46352275522398584,
                0.17746561194523106,
                0.8681316986258929
            ],
            [
                0.8484185589481047,
                -0.19372985026294043,
                0.4926000212596364
            ],
            [
                0.2556025582700087,
                0.9648702975362689,
                -0.060766916512031845
            ]
        ],
        "t": [
            199.67972983314462,
            21.01217544060296,
            1754.8127307326413
        ]
    },
    {
        "scene_id": 11,
        "image_id": 5,
        "category_id": 0,
        "R": [
            [
                -0.6496420217797196,
                0.10074285905012614,
                0.7535357682824175
            ],
            [
                0.760228955198306,
                0.080671485282138,
                0.6446271279863574
            ],
            [
                0.00415271746872686,
                0.9916365093085419,
                -0.1289952144394372
            ]
        ],
        "t": [
            243.12095065025767,
            -159.9310485261707,
            1912.4910531886549
        ]
    },
    {
        "scene_id": 11,
        "image_id": 5,
        "category_id": 0,
        "R": [
            [
                -0.8195031011026152,
                0.16398361758037647,
                0.5491120783966226
            ],
            [
                0.5513414587466025,
                -0.03577046382743606,
                0.8335125414654615
            ],
            [
                0.15632437202211025,
                0.9858142976160239,
                -0.06109695845130083
            ]
        ],
        "t": [
            230.33902344452858,
            -79.00171489250162,
            1529.3853077400424
        ]
    }
]