[
    {
        "scene_id": 10,
        "image_id": 2,
        "category_id": 0,
        "R": [
            [
                0.7240072952253993,
                0.5769781640005053,
                0.37803394082733033
            ],
            [
                0.5404631958240962,
                -0.13395830358654912,
                -0.8306351598748518
            ],
            [
                -0.4286175603854869,
                0.8056993387385406,
                -0.4088222447472044
            ]
        ],
        "t": [
            202.95571749168403,
            -449.3454885593576,
            2085.517367658749
        ]
    },
    {
        "scene_id": 10,
        "image_id": 2,
        "category_id": 0,
        "R": [
            [
                0.6310339885672359,
                0.5639523433121103,
                0.5326855408551457
            ],
            [
                0.6747598097002653,
                -0.060228054996354814,
                -0.7355758577911051
            ],
            [
                -0.3827471118077127,
                0.8236081527559417,
                -0.41853831895236404
            ]
        ],
        "t": [
            54.40643124870826,
            -4.618766438959028,
            2152.7118415870495
        ]
    },
    {
        "scene_id": 10,
        "image_id": 2,
        "category_id": 0,
        "R": [
            [
                -0.5286626611588336,
                0.7150308334293771,
                0.4574349392341868
            ],
            [
                0.6709275066905092,
                0.02187802607817748,
                0.7412001718169536
            ],
            [
                0.5199731954215685,
                0.6987505309240489,
                -0.49129994595065274
            ]
        ],
        "t": [
            201.02349659962897,
            -349.814310955953,
            2087.092589617371
        ]
    },
    {
        "scene_id": 10,
        "image_id": 2,
        "category_id": 0,
        "R": [
            [
                -0.5032797418080625,
                0.6443620576226148,
                0.5757665029092905
            ],
            [
                0.7365184526615368,
                -0.028610001556947054,
                0.6758121770584407
            ],
            [
                0.45194039848621254,
                0.7641852235537311,
                -0.4601857077669065
            ]
        ],
        "t": [
            -133.52331346851497,
            89.85427454346785,
            2224.0897759047484
        ]
    },
    {
        "scene_id": 10,
        "image_id": 2,
        "category_id": 0,
        "R": [
            [
                -0.17951236889799693,
                0.6375298589999359,
                0.749220270672508
            ],
            [
                0.9514121214006266,
                -0.08117227041080102,
                0.2970287860272434
            ],
            [
                0.2501806252830793,
                0.766137579988852,
                -0.5919822029220683
            ]
        ],
        "t": [
            -132.66263938726684,
            -110.01471182433306,
            2215.3437110126815
        ]
    },
    {
        "scene_id": 10,
        "image_id": 2,
        "category_id": 0,
        "R": [
            [
                0.11285367247435894,
                0.6099614158623919,
                0.7843539669426235
            ],
            [
                0.9927169543036057,
                -0.10270864262788007,
                -0.06296066492829827
            ],
            [
                0.04215635208233077,
                0.7857468151038095,
                -0.6171100791981943
            ]
        ],
        "t": [
            -220.35637667136143,
            -412.6178761115857,
            2242.410693837066
        ]
    },
    {
        "scene_id": 10,
        "image_id": 2,
        "category_id": 0,
        "R": [
            [
                0.4483664216332153,
                0.5658165580263949,
                0.6919676295213697
            ],
            [
                0.8837562521553904,
                -0.16460508520329292,
                -0.4380412248430248
            ],
            [
                -0.13394958802807325,
                0.8079336869650343,
                -0.5738473060395657
            ]
        ],
        "t": [
            192.55882128733037,
            49.91002292612751,
            2099.8198624107945
        ]
    },
    {
        "scene_id": 10,
        "image_id": 2,
        "category_id": 0,
        "R": [
            [
                0.40972680736772316,
                0.6099594106158374,
                0.6782871710535792
            ],
            [
                0.88168917675836,
                -0.07407668533286471,
                -0.46597950838825936
            ],
            [
                -0.233983320380022,
                0.7889627453022008,
                -0.568145806658666
            ]
        ],
        "t": [
            3.7030221638442526,
            44.774615402596,
            2168.569925741439
        ]
    },
    {
        "scene_id": 10,
        "image_id": 2,
        "category_id": 0,
        "R": [
            [
                0.6623360541858713,
                0.5901789566221807,
                0.46151898788270856
            ],
            [
                0.6209815849773817,
                -0.08781344017056486,
                -0.7788907065852645
            ],
            [
                -0.41915733112832204,
                0.8024821812899174,
                -0.42465226455092686
            ]
        ],
        "t": [
            54.016572592047396,
            95.63782762839179,
            2157.5565818745963
        ]
    },
    {
        "scene_id": 10,
        "image_id": 2,
        "category_id": 0,
        "R": [
            [
                0.0010500662631927654,
                0.6805890936013184,
                0.7326645949697674
            ],
            [
                0.9413871782043968,
                -0.2478202004118227,
                0.2288567039453077
            ],
            [
                0.3373264573757827,
                0.6894807340677749,
                -0.6409580671294639
            ]
        ],
        "t": [
            194.48549553540306,
            -49.681487908469336,
            2096.9382798325805
        ]
    },
    {
        "scene_id": 10,
        "image_id": 2,
        "category_id": 0,
        "R": [
            [
                0.7038867589095044,
                0.5375296145245287,
                0.4643332529890779
            ],
            [
                0.625417654595794,
                -0.15909783894023224,
                -0.7638983551003014
            ],
            [
                -0.33674356879463035,
                0.8281001426703498,
                -0.44816736594655554
            ]
        ],
        "t": [
            150.62745125452807,
            -101.22659423901314,
            2114.5161864264164
        ]
    },
    {
        "scene_id": 10,
        "image_id": 2,
        "category_id": 0,
        "R": [
            [
                0.20025372098597347,
                0.6304296520828863,
                0.7499712839144956
            ],
            [
                0.9725389669942442,
                -0.0352441984302792,
                -0.23005622381339325
            ],
            [
                -0.11860212939479131,
                0.7754459042299178,
                -0.6201751767289124
            ]
        ],
        "t": [
            103.1881181862982,
            -52.440111208692,
            2133.7174451812066
        ]
    },
    {
        "scene_id": 10,
        "image_id": 2,
        "category_id": 0,
        "R": [
            [
                0.6591916332582659,
                0.6000402776531925,
                0.45323071555954136
            ],
            [
                0.5867271397629029,
                -0.03342972487605368,
                -0.8090944190394945
            ],
            [
                -0.47033785768977227,
                0.7992710243005626,
                -0.37409650446375003
            ]
        ],
        "t": [
            -174.54262878679697,
            -361.46183224712075,
            2228.053543981074
        ]
    },
    {
        "scene_id": 10,
        "image_id": 2,
        "category_id": 0,
        "R": [
            [
                0.4386985812003849,
                0.5441046943188265,
                -0.7151878509618435
            ],
            [
                -0.8727887875430809,
                0.0684840403661142,
                -0.4832698319931767
            ],
            [
                -0.21397042586516163,
                0.8362177176168276,
                0.5049323231022711
            ]
        ],
        "t": [
            205.1789597258694,
            -548.2701625004267,
            2082.2407182741636
        ]
    },
    {
        "scene_id": 10,
        "image_id": 2,
        "category_id": 0,
        "R": [
            [
                0.8806211587714143,
                0.43026259590614896,
                -0.19844520396983045
            ],
            [
                -0.22881531150233175,
                0.019424497264147637,
                -0.9732760677673257
            ],
            [
                -0.41490958363105196,
                0.9024947897840516,
                0.11555629423972838
            ]
        ],
        "t": [
            7.374579983844114,
            -53.76345258781507,
            2167.789609280402
        ]
    },
    {
        "scene_id": 10,
        "image_id": 2,
        "category_id": 0,
        "R": [
            [
                0.6679090367140604,
                0.5963891789988233,
                0.4452162300941414
            ],
            [
                0.5868508032616059,
                -0.05412551160503057,
                -0.8078840422147253
            ],
            [
                -0.45771574054047515,
                0.8008685460608936,
                -0.3861423806142834
            ]
        ],
        "t": [
            -133.93710520245577,
            -9.334739270995101,
            2224.4376031024967
        ]
    },
    {
        "scene_id": 10,
        "image_id": 2,
        "category_id": 0,
        "R": [
            [
                -0.1474381772926403,
                0.6754397218471652,
                0.7225255647505368
            ],
            [
                0.97031578798147,
                -0.04281008324562233,
                0.23802233157185926
            ],
            [
                0.19170111242176405,
                0.7361715335339566,
                -0.649077978385642
            ]
        ],
        "t": [
            -215.92957636422113,
            -511.3380357062026,
            2244.038002147143
        ]
    },
    {
        "scene_id": 10,
        "image_id": 2,
        "category_id": 0,
        "R": [
            [
                0.48036242062633056,
                0.6645009302279026,
                -0.5724425597967875
            ],
            [
                -0.8507704819734507,
                0.1943956714822429,
                -0.48826219582528885
            ],
            [
                -0.21317032288292026,
                0.7215600344766321,
                0.6587181456455746
            ]
        ],
        "t": [
            7.874253580300319,
            41.65712118830885,
            2039.1012184452295
        ]
    },
    {
        "scene_id": 10,
        "image_id": 2,
        "category_id": 0,
        "R": [
            [
                -0.05939731225756883,
                0.5241095779914239,
                0.8495770331433536
            ],
            [
                0.9981910998692618,
                0.023252636278481502,
                0.05544280844615258
            ],
            [
                0.009303198610926818,
                0.8513333775565187,
                -0.5245426541936199
            ]
        ],
        "t": [
            57.152720266682536,
            -4.355862298428036,
            2298.461125010127
        ]
    },
    {
        "scene_id": 10,
        "image_id": 2,
        "category_id": 0,
        "R": [
            [
                -0.06166586300112255,
                0.683903482648161,
                0.7269617413952937
            ],
            [
                0.9942562319764865,
                -0.021742616947641614,
                0.10479439748712557
            ],
            [
                0.08747530063388426,
                0.7292484708921452,
                -0.6786345148864382
            ]
        ],
        "t": [
            -213.75809301815195,
            -391.85342087357276,
            2119.6939866543316
        ]
    },
    {
        "scene_id": 10,
        "image_id": 2,
        "category_id": 0,
        "R": [
            [
                0.6992461513137045,
                0.5736543388314631,
                0.4265859176100903
            ],
            [
                0.5287083174559073,
                -0.013343106491700183,
                -0.8486987324855606
            ],
            [
                -0.481167724615164,
                0.8189888361474693,
                -0.31262593041708936
            ]
        ],
        "t": [
            58.74640963218121,
            102.73885055063556,
            2295.948862748212
        ]
    },
    {
        "scene_id": 10,
        "image_id": 2,
        "category_id": 0,
        "R": [
            [
                0.6900101426186616,
                0.6274693335414964,
                0.36078839260541495
            ],
            [
                0.540983413934853,
                -0.11593521259278576,
                -0.8330042222515801
            ],
            [
                -0.48085652090320313,
                0.7699618904383572,
                -0.4194469679138593
            ]
        ],
        "t": [
            223.20044520973988,
            -586.6455967914187,
            2218.6887994926565
        ]
    },
    {
        "scene_id": 10,
        "image_id": 2,
        "category_id": 0,
        "R": [
            [
                0.2811970583835606,
                0.5837430840528377,
                0.7616903910824581
            ],
            [
                0.9594310539373879,
                -0.18796645893977867,
                -0.21014453363039357
            ],
            [
                0.020501824964468996,
                0.78988143122346,
                -0.6129168500671
            ]
        ],
        "t": [
            -139.74776367584172,
            96.0352962510114,
            2374.5370504129196
        ]
    },
    {
        "scene_id": 10,
        "image_id": 2,
        "category_id": 0,
        "R": [
            [
                0.022057860162788007,
                0.6192035076850465,
                0.7849206918956892
            ],
            [
                0.9860730736955315,
                -0.14292676366894477,
                0.08504055221052358
            ],
            [
                0.16484357819002898,
                0.7721133385965032,
                -0.6137325577200061
            ]
        ],
        "t": [
            96.16610162602478,
            -142.23416732131585,
            2011.1699019660505
        ]
    },
    {
        "scene_id": 10,
        "image_id": 2,
        "category_id": 0,
        "R": [
            [
                0.5387011621720821,
                0.6426142142252224,
                0.5448376411744897
            ],
            [
                0.7328690813313802,
                -0.038434136634226124,
                -0.6792832904835673
            ],
            [
                -0.41557673058712086,
                0.7652253513577966,
                -0.4916565955507234
            ]
        ],
        "t": [
            9.376604421056982,
            47.00786913991848,
            2313.8664125855976
        ]
    },
    {
        "scene_id": 10,
        "image_id": 2,
        "category_id": 0,
        "R": [
            [
                0.8027404587074108,
                0.48861969266539257,
                0.3418458389160642
            ],
            [
                0.4200324355407625,
                -0.05637935932681672,
                -0.9057561387570586
            ],
            [
                -0.4232972327963801,
                0.8706734291842088,
                -0.2504941071845997
            ]
        ],
        "t": [
            -89.87901237348865,
            45.99199844455899,
            2355.4467714893735
        ]
    },
    {
        "scene_id": 10,
        "image_id": 2,
        "category_id": 0,
        "R": [
            [
                0.1189573089282287,
                0.7466936409709972,
                0.6544446430955516
            ],
            [
                0.9927945146985798,
                -0.07987018679760913,
                -0.08933010022287521
            ],
            [
                -0.01443160413594937,
                0.6603555132446972,
                -0.7508144845726321
            ]
        ],
        "t": [
            257.45947783344354,
            -433.69371836653374,
            2621.2194994612796
        ]
    },
    {
        "scene_id": 10,
        "image_id": 2,
        "category_id": 0,
        "R": [
            [
                0.8733583127304283,
                0.45938442295960696,
                -0.16189884254423367
            ],
            [
                -0.18460862971416198,
                0.004604152660611004,
                -0.9828013622161093
            ],
            [
                -0.45073822389194873,
                0.8882256531542546,
                0.08882740520864446
            ]
        ],
        "t": [
            169.4785139046844,
            -323.6221972035403,
            2244.097933486012
        ]
    },
    {
        "scene_id": 10,
        "image_id": 2,
        "category_id": 0,
        "R": [
            [
                0.5455671254488735,
                0.6643847185237178,
                -0.5108321476885025
            ],
            [
                -0.7881057248505667,
                0.19940865178538816,
                -0.5823449304419157
            ],
            [
                -0.2850367175243437,
                0.7202979814428798,
                0.6323961993141104
            ]
        ],
        "t": [
            -174.0478950306233,
            -149.84506353299878,
            2099.529228665956
        ]
    },
    {
        "scene_id": 10,
        "image_id": 2,
        "category_id": 0,
        "R": [
            [
                0.6367727002081589,
                0.5981127010966822,
                0.4866022510704975
            ],
            [
                0.6290296168722521,
                -0.03799527532553621,
                -0.7764522922311371
            ],
            [
                -0.4459173876284619,
                0.8005108416244605,
                -0.4004249507298186
            ]
        ],
        "t": [
            -182.50765050591713,
            -387.2409503857373,
            2377.2363804513334
        ]
    },
    {
        "scene_id": 10,
        "image_id": 2,
        "category_id": 0,
        "R": [
            [
                0.7989517679260641,
                0.4781865535970508,
                -0.3647104580036405
            ],
            [
                -0.3615227563301257,
                -0.10274719444996101,
                -0.9266846133656438
            ],
            [
                -0.48060109135208223,
                0.8722274308735433,
                0.09078526938659717
            ]
        ],
        "t": [
            -126.00452538841523,
            -93.17835298077432,
            2030.067764964683
        ]
    }
]