[
    {
        "scene_id": 13,
        "image_id": 5,
        "category_id": 0,
        "R": [
            [
                -0.577568924183728,
                0.3088659899148622,
                0.7556559744081982
            ],
            [
                0.7418437552612583,
                -0.18775052764345387,
                0.6437528005250995
            ],
            [
                0.3407081444997857,
                0.9323902026642432,
                -0.12069141168880548
            ]
        ],
        "t": [
            326.8979100898596,
            -35.458650981473056,
            1754.4285409605943
        ]
    },
    {
        "scene_id": 13,
        "image_id": 5,
        "category_id": 0,
        "R": [
            [
                -0.46237699592516596,
                0.36137015539417994,
                0.8097031171962014
            ],
            [
                0.7098658330503694,
                -0.3963309030473409,
                0.5822477139429691
            ],
            [
                0.5313172898118013,
                0.8439984532152889,
                -0.07327001518652863
            ]
        ],
        "t": [
            381.91827239790325,
            5.951207314340763,
            1754.7749150410827
        ]
    },
    {
        "scene_id": 13,
        "image_id": 5,
        "category_id": 0,
        "R": [
            [
                0.6985902018364358,
                0.19551426854675497,
                0.6882920268755083
            ],
            [
                0.7141339279725194,
                -0.2504072793927546,
                -0.6536887740967322
            ],
            [
                0.044547864168623816,
                0.9481931832231751,
                -0.3145554350115538
            ]
        ],
        "t": [
            347.45196945353416,
            221.21598314867362,
            1745.9803244805632
        ]
    },
    {
        "scene_id": 13,
        "image_id": 5,
        "category_id": 0,
        "R": [
            [
                -0.7371726490473075,
                0.24589062952100388,
                0.6293761175783363
            ],
            [
                0.5738348026100608,
                -0.2639901728176371,
                0.7752566633081045
            ],
            [
                0.3567774445757271,
                0.9326558511140167,
                0.05350574766317322
            ]
        ],
        "t": [
            -16.01910154110675,
            327.33213485103823,
            1802.6517914840538
        ]
    },
    {
        "scene_id": 13,
        "image_id": 5,
        "category_id": 0,
        "R": [
            [
                -0.5638412775782831,
                0.30066367142616646,
                0.7692102339094741
            ],
            [
                0.7254808827628106,
                -0.26476566037605015,
                0.6352768844100628
            ],
            [
                0.3946651220862515,
                0.9162425736284431,
                -0.06883991783524333
            ]
        ],
        "t": [
            447.6166980162668,
            401.2818665873466,
            1745.460378121511
        ]
    },
    {
        "scene_id": 13,
        "image_id": 5,
        "category_id": 0,
        "R": [
            [
                0.9188708770637165,
                0.01817068522390817,
                0.3941397608086373
            ],
            [
                0.3838237212538255,
                -0.2725951578793829,
                -0.8822535445879539
            ],
            [
                0.09140944068693174,
                0.9619571982592531,
                -0.2574540919828273
            ]
        ],
        "t": [
            356.79115499793636,
            -88.30957099204363,
            1748.0984906327249
        ]
    },
    {
        "scene_id": 13,
        "image_id": 5,
        "category_id": 0,
        "R": [
            [
                0.958279948340994,
                0.2501077538364527,
                -0.13836786348754124
            ],
            [
                -0.08739917180085058,
                -0.20451008461715273,
                -0.9749549200310955
            ],
            [
                -0.2721413896207959,
                0.9463729101022045,
                -0.17411871148196276
            ]
        ],
        "t": [
            282.298462491396,
            -76.80133815540887,
            1755.5036597765363
        ]
    },
    {
        "scene_id": 13,
        "image_id": 5,
        "category_id": 0,
        "R": [
            [
                0.4200748133990593,
                0.13479741159204403,
                0.8974223211751929
            ],
            [
                0.8528024163093312,
                -0.3967397904999247,
                -0.3395963241931097
            ],
            [
                0.3102664337823779,
                0.907979708072823,
                -0.28161593776657745
            ]
        ],
        "t": [
            -134.16177423687282,
            -97.15773708479571,
            1831.5280983275177
        ]
    },
    {
        "scene_id": 13,
        "image_id": 5,
        "category_id": 0,
        "R": [
            [
                -0.9558284408746671,
                0.2792473212195432,
                0.09172207353986864
            ],
            [
                0.04189196511833504,
                -0.17944612304984095,
                0.9828754947679464
            ],
            [
                0.2909244980474138,
                0.9433026934755782,
                0.1598214989473336
            ]
        ],
        "t": [
            353.57295754873394,
            -28.584027798545776,
            1826.8832885408847
        ]
    }
]