[
    {
        "scene_id": 13,
        "image_id": 3,
        "category_id": 0,
        "R": [
            [
                0.14406380930464494,
                0.125332119453361,
                0.981599466623007
            ],
            [
                0.9856416356068141,
                -0.10645514118786664,
                -0.1310647018402338
            ],
            [
                0.08806967957439352,
                0.9863869149629173,
                -0.13886886812343233
            ]
        ],
        "t": [
            406.56907047309954,
            -402.3047508457909,
            1834.1288409834913
        ]
    },
    {
        "scene_id": 13,
        "image_id": 3,
        "category_id": 0,
        "R": [
            [
                0.023949175200102476,
                0.052436188373082525,
                0.9983370760162853
            ],
            [
                0.9943012379757389,
                -0.10501862294919806,
                -0.018336411569368483
            ],
            [
                0.10388247773342558,
                0.9930868623177697,
                -0.05465246303775185
            ]
        ],
        "t": [
            552.7001177610096,
            17.850482418393824,
            1750.2353910396537
        ]
    },
    {
        "scene_id": 13,
        "image_id": 3,
        "category_id": 0,
        "R": [
            [
                0.6736100458959057,
                -0.023996156639039302,
                0.7386973160417463
            ],
            [
                0.7348974041603223,
                -0.08452278641751255,
                -0.6728906233037533
            ],
            [
                0.07858353863406872,
                0.9961325523463964,
                -0.03930066940757316
            ]
        ],
        "t": [
            60.11716767552789,
            -450.3159068789515,
            1802.6738532587683
        ]
    },
    {
        "scene_id": 13,
        "image_id": 3,
        "category_id": 0,
        "R": [
            [
                0.4793040336114075,
                -0.037751832984432084,
                0.876836630543432
            ],
            [
                0.8618034729126568,
                -0.16874397779361996,
                -0.47835168132822914
            ],
            [
                0.1660195388737902,
                0.9849366737987549,
                -0.04834499273617176
            ]
        ],
        "t": [
            360.18407780776374,
            55.165690131184306,
            1726.0203584170092
        ]
    }
]