[
    {
        "scene_id": 11,
        "image_id": 0,
        "category_id": 1,
        "R": [
            [
                0.0645989351023154,
                0.676684430256485,
                -0.7334338314548476
            ],
            [
                0.8065795045222451,
                -0.468166724329924,
                -0.3609009324944193
            ],
            [
                -0.5875853516725146,
                -0.5682588727269804,
                -0.5760428572438171
            ]
        ],
        "t": [
            -43.17594266370543,
            -35.78463200711792,
            1972.5140723300956
        ]
    },
    {
        "scene_id": 11,
        "image_id": 0,
        "category_id": 1,
        "R": [
            [
                0.06367354938886927,
                0.6787347069366924,
                -0.7316180030577567
            ],
            [
                0.8069802650601553,
                -0.46632546753236087,
                -0.362385805592146
            ],
            [
                -0.5871359262974586,
                -0.5673268918232296,
                -0.5774181043054418
            ]
        ],
        "t": [
            235.46076069516357,
            -455.04774786300953,
            1905.068610581573
        ]
    },
    {
        "scene_id": 11,
        "image_id": 0,
        "category_id": 1,
        "R": [
            [
                0.06440933482492602,
                0.6771304932065071,
                -0.7330387155176439
            ],
            [
                0.8066611308387014,
                -0.46777785730942323,
                -0.3612225881164337
            ],
            [
                -0.5874941043231249,
                -0.568047724855708,
                -0.5763441029337374
            ]
        ],
        "t": [
            96.230522516659,
            -20.24325836702377,
            1919.585735168267
        ]
    },
    {
        "scene_id": 11,
        "image_id": 0,
        "category_id": 1,
        "R": [
            [
                0.06423245468465835,
                0.6775208849367546,
                -0.7326934337976111
            ],
            [
                0.80673700367529,
                -0.46742768340993807,
                -0.3615063341679315
            ],
            [
                -0.5874092812514019,
                -0.5678704584415091,
                -0.5766051890538388
            ]
        ],
        "t": [
            -31.894617913238335,
            -385.30704508300323,
            1981.4360634560621
        ]
    },
    {
        "scene_id": 11,
        "image_id": 0,
        "category_id": 1,
        "R": [
            [
                0.06460566811528407,
                0.676655952898799,
                -0.7334595113190849
            ],
            [
                0.8065739999741202,
                -0.4681892641875717,
                -0.3608839944161432
            ],
            [
                -0.5875921674468793,
                -0.5682742125609629,
                -0.5760207716809942
            ]
        ],
        "t": [
            376.21406581465817,
            -514.6234760001475,
            1900.316435709912
        ]
    }
]