[
    {
        "scene_id": 14,
        "image_id": 0,
        "category_id": 14,
        "R": [
            [
                0.9361491727022364,
                0.28520294962402387,
                -0.2056307466666285
            ],
            [
                0.3446781288640386,
                -0.6289014826254606,
                0.6969073917202218
            ],
            [
                0.0694385622813691,
                -0.7232856992069278,
                -0.687048821693948
            ]
        ],
        "t": [
            287.7214336123307,
            -186.04113404788768,
            1892.396866812926
        ]
    },
    {
        "scene_id": 14,
        "image_id": 0,
        "category_id": 14,
        "R": [
            [
                0.9940438068213305,
                0.07318128619446417,
                0.0807552442326928
            ],
            [
                -0.03005499519435648,
                -0.5281804569553828,
                0.8486000837581098
            ],
            [
                0.10475498739451573,
                -0.8459727562051431,
                -0.5228350489156672
            ]
        ],
        "t": [
            20.03043768551055,
            -235.78991201735204,
            1800.1846141110912
        ]
    },
    {
        "scene_id": 14,
        "image_id": 0,
        "category_id": 14,
        "R": [
            [
                0.7214772767863894,
                -0.6146875874498929,
                -0.31879414818331775
            ],
            [
                0.6887490069681799,
                0.6845146860112211,
                0.2388816653393604
            ],
            [
                0.07138168169245433,
                -0.39191684637176605,
                0.9172272570354453
            ]
        ],
        "t": [
            208.9532513202052,
            -233.4148229237125,
            1861.7357809060475
        ]
    },
    {
        "scene_id": 14,
        "image_id": 0,
        "category_id": 14,
        "R": [
            [
                0.7780775293067078,
                -0.5873707005368916,
                -0.22269040962459724
            ],
            [
                0.6236899771427147,
                0.7646125456989094,
                0.1624144924923687
            ],
            [
                0.07487436677320984,
                -0.2652608435307319,
                0.9612650592264737
            ]
        ],
        "t": [
            252.5749811079853,
            -342.3921291689927,
            1909.0719212059907
        ]
    },
    {
        "scene_id": 14,
        "image_id": 0,
        "category_id": 14,
        "R": [
            [
                0.7594745200539522,
                -0.5199009433021472,
                -0.391026166058432
            ],
            [
                0.6462906253094642,
                0.6715673095452084,
                0.3623613892060137
            ],
            [
                0.074208362237156,
                -0.5279207875275869,
                0.8460453658464959
            ]
        ],
        "t": [
            142.0261168477103,
            -113.31326132883471,
            1855.8837205870213
        ]
    }
]