[
    {
        "scene_id": 6,
        "image_id": 1,
        "category_id": 1,
        "R": [
            [
                0.41979379676297224,
                0.8834472799609355,
                -0.2080724267547162
            ],
            [
                0.8007792486236053,
                -0.46842551293672974,
                -0.37326945707439435
            ],
            [
                -0.4272303047798353,
                -0.00992387619424164,
                -0.9040883206764173
            ]
        ],
        "t": [
            306.75695786482663,
            -376.2048004467083,
            1713.902893343324
        ]
    },
    {
        "scene_id": 6,
        "image_id": 1,
        "category_id": 1,
        "R": [
            [
                0.41963549201515965,
                0.8836158946753406,
                -0.2076753898875263
            ],
            [
                0.8008440469426897,
                -0.4681146709510483,
                -0.3735203088155764
            ],
            [
                -0.42726436365808895,
                -0.009573218381910366,
                -0.9040760063524271
            ]
        ],
        "t": [
            -110.25306600907723,
            -66.7565392200252,
            1640.8701362464321
        ]
    },
    {
        "scene_id": 6,
        "image_id": 1,
        "category_id": 1,
        "R": [
            [
                0.41984172771177886,
                0.8833961086601043,
                -0.20819294397941931
            ],
            [
                0.8007592521907781,
                -0.468519749527355,
                -0.37319407566911783
            ],
            [
                -0.4272206851925525,
                -0.010029977864125761,
                -0.9040916955221663
            ]
        ],
        "t": [
            280.02844937077595,
            -34.75907627361832,
            1727.283001583246
        ]
    },
    {
        "scene_id": 6,
        "image_id": 1,
        "category_id": 1,
        "R": [
            [
                0.4197820931961248,
                0.8834593818691446,
                -0.20804465353840051
            ],
            [
                0.8007847801077695,
                -0.46840318542820375,
                -0.37328560862870175
            ],
            [
                -0.4272314364928143,
                -0.009900375226928059,
                -0.9040880435373242
            ]
        ],
        "t": [
            165.04263231403263,
            -175.65796098421353,
            1701.5827952388408
        ]
    }
]