[
    {
        "scene_id": 12,
        "image_id": 0,
        "category_id": 0,
        "R": [
            [
                0.6532146743176027,
                0.07184817927920159,
                0.7537562218370417
            ],
            [
                0.7315597906732294,
                -0.31661859383534974,
                -0.6037988280398496
            ],
            [
                0.19527139027942222,
                0.9458279191889718,
                -0.2593811443208496
            ]
        ],
        "t": [
            -361.6670310443477,
            229.49559684228,
            1851.2709771374343
        ]
    },
    {
        "scene_id": 12,
        "image_id": 0,
        "category_id": 0,
        "R": [
            [
                0.9686720848576851,
                0.11682894897123301,
                0.219146987812706
            ],
            [
                0.23658216317643133,
                -0.1657696670123739,
                -0.9573658567129893
            ],
            [
                -0.07552011236122516,
                0.9792197701929677,
                -0.18821610159699792
            ]
        ],
        "t": [
            128.29554969697102,
            444.2117371197194,
            1898.8746639243718
        ]
    },
    {
        "scene_id": 12,
        "image_id": 0,
        "category_id": 0,
        "R": [
            [
                -0.951131684108521,
                0.2973349286390213,
                0.08330950284185606
            ],
            [
                0.035977704042267,
                -0.1612494998229767,
                0.9862577196925336
            ],
            [
                0.3066824615763118,
                0.941058174950772,
                0.1426720916227427
            ]
        ],
        "t": [
            -60.244798565049905,
            218.39760026710536,
            1819.845192972237
        ]
    },
    {
        "scene_id": 12,
        "image_id": 0,
        "category_id": 0,
        "R": [
            [
                0.984152316463928,
                -0.040878160957908374,
                -0.17254914523991274
            ],
            [
                -0.1768058534559351,
                -0.15178829315750955,
                -0.9724711256785356
            ],
            [
                0.013561886081333553,
                0.9875673309401307,
                -0.15661030845348567
            ]
        ],
        "t": [
            98.94575548627716,
            14.617515101313302,
            1769.549695999421
        ]
    },
    {
        "scene_id": 12,
        "image_id": 0,
        "category_id": 0,
        "R": [
            [
                -0.9534318774990227,
                0.29555803224884836,
                0.06010921817422997
            ],
            [
                0.0528840699044731,
                -0.032386786743129635,
                0.998075376526855
            ],
            [
                0.29693591708751943,
                0.9547756264996257,
                0.015248304621598277
            ]
        ],
        "t": [
            106.86679468322802,
            122.14815044449557,
            1787.1581508153824
        ]
    },
    {
        "scene_id": 12,
        "image_id": 0,
        "category_id": 0,
        "R": [
            [
                -0.3516174501157463,
                0.3888802741753322,
                0.8515499484463959
            ],
            [
                0.8558670390310786,
                -0.23500599689257828,
                0.46072104245316275
            ],
            [
                0.37928466009571626,
                0.8908110177362585,
                -0.2501975697403164
            ]
        ],
        "t": [
            -373.74698858649566,
            434.93434250877044,
            1960.2989332239713
        ]
    },
    {
        "scene_id": 12,
        "image_id": 0,
        "category_id": 0,
        "R": [
            [
                0.17736769860437543,
                0.2394088390923384,
                0.9545805994382488
            ],
            [
                0.9617583410100884,
                -0.2478720647085711,
                -0.11653505510815913
            ],
            [
                0.20871434762418323,
                0.9387453308379483,
                -0.2742179270834687
            ]
        ],
        "t": [
            -78.41836138617492,
            -118.04680577027557,
            1735.8968901351705
        ]
    }
]