[
    {
        "scene_id": 11,
        "image_id": 5,
        "category_id": 1,
        "R": [
            [
                0.3182372731129369,
                0.8716870651451676,
                -0.3726750756730146
            ],
            [
                0.8986232139095566,
                -0.40260071802527153,
                -0.17432460326306487
            ],
            [
                -0.30199571142529824,
                -0.2794178754467826,
                -0.9114407209301805
            ]
        ],
        "t": [
            -228.83065794671217,
            -19.360515319500223,
            1858.8937616924534
        ]
    },
    {
        "scene_id": 11,
        "image_id": 5,
        "category_id": 1,
        "R": [
            [
                0.3179544220098624,
                0.8720378312823858,
                -0.37209544461647004
            ],
            [
                0.8987292797571034,
                -0.40221579246338307,
                -0.17466603572177644
            ],
            [
                -0.3019780116851841,
                -0.278877220121449,
                -0.9116121561081711
            ]
        ],
        "t": [
            12.252446331780561,
            -164.73501670769429,
            1863.447640061996
        ]
    },
    {
        "scene_id": 11,
        "image_id": 5,
        "category_id": 1,
        "R": [
            [
                0.3180072175845549,
                0.871985426280735,
                -0.3721731310637222
            ],
            [
                0.8987093873578756,
                -0.4022816428718141,
                -0.1746167314939079
            ],
            [
                -0.30198162021193625,
                -0.2789460932925399,
                -0.9115898884362396
            ]
        ],
        "t": [
            14.816330805639154,
            289.11116573863086,
            1882.975224159182
        ]
    },
    {
        "scene_id": 11,
        "image_id": 5,
        "category_id": 1,
        "R": [
            [
                0.31794715793428485,
                0.8720424703772502,
                -0.3720907794980859
            ],
            [
                0.8987335027575907,
                -0.402206565804517,
                -0.17466555321309793
            ],
            [
                -0.3019730916707384,
                -0.2788760209819369,
                -0.9116141527182924
            ]
        ],
        "t": [
            -277.9448177217339,
            -32.13356661225555,
            2240.3459287852215
        ]
    },
    {
        "scene_id": 11,
        "image_id": 5,
        "category_id": 1,
        "R": [
            [
                0.31806225246834857,
                0.8718736553159778,
                -0.3723878976126321
            ],
            [
                0.8986931112680828,
                -0.402372936041023,
                -0.17449010899030806
            ],
            [
                -0.3019720974189005,
                -0.2791637087998888,
                -0.9115264245636069
            ]
        ],
        "t": [
            -134.68882315619717,
            313.2025336855329,
            1915.1910824367772
        ]
    },
    {
        "scene_id": 11,
        "image_id": 5,
        "category_id": 1,
        "R": [
            [
                0.3179342915267467,
                0.8720681513110388,
                -0.3720415827672667
            ],
            [
                0.8987368439416812,
                -0.40218584550950903,
                -0.17469607049953073
            ],
            [
                -0.30197669433895713,
                -0.27882559412087604,
                -0.9116283841277918
            ]
        ],
        "t": [
            -229.966590278949,
            -159.44733087415284,
            1853.2902573071094
        ]
    }
]