[
    {
        "scene_id": 1,
        "image_id": 2,
        "category_id": 14,
        "R": [
            [
                0.7955359203014974,
                -0.01753023762094538,
                -0.6056527802949496
            ],
            [
                0.603728802990485,
                0.1076042748605951,
                0.7898942033408028
            ],
            [
                0.0513237951609697,
                -0.9940392400708732,
                0.09618657520463128
            ]
        ],
        "t": [
            83.40470180255696,
            -338.7712306964724,
            1831.6982051228165
        ]
    },
    {
        "scene_id": 1,
        "image_id": 2,
        "category_id": 14,
        "R": [
            [
                0.9578989263349883,
                0.2577538483470732,
                -0.1264618542824349
            ],
            [
                0.27572657774647563,
                -0.7031083757455976,
                0.6554490569682774
            ],
            [
                0.08002812787073428,
                -0.6627228422339622,
                -0.7445763447295676
            ]
        ],
        "t": [
            158.12909755733278,
            -28.229498607256602,
            1865.6930912536272
        ]
    },
    {
        "scene_id": 1,
        "image_id": 2,
        "category_id": 14,
        "R": [
            [
                0.991983769966994,
                0.1251936433658263,
                0.017168336636374504
            ],
            [
                -0.028441118065650483,
                0.08881934251544048,
                0.9956416158429204
            ],
            [
                0.12312312100188702,
                -0.9881486103091559,
                0.09166799342649251
            ]
        ],
        "t": [
            25.281361320654696,
            -153.130842491735,
            1818.3628629100504
        ]
    }
]