[
    {
        "scene_id": 8,
        "image_id": 3,
        "category_id": 14,
        "R": [
            [
                0.8167094045090016,
                -0.571982812334482,
                0.07629817154092336
            ],
            [
                0.5754638205600773,
                0.7975204766661386,
                -0.1811145508362433
            ],
            [
                0.04274505600593904,
                0.1918247942580716,
                0.9804978880624363
            ]
        ],
        "t": [
            139.54440037034863,
            195.42274158253724,
            1696.0077145699902
        ]
    },
    {
        "scene_id": 8,
        "image_id": 3,
        "category_id": 14,
        "R": [
            [
                0.7267446637669748,
                -0.6867292326649415,
                0.01565741644230409
            ],
            [
                0.6801726205189046,
                0.7162478738152961,
                -0.1560582889548443
            ],
            [
                0.09595519778872287,
                0.12406427470665586,
                0.9876237419983579
            ]
        ],
        "t": [
            144.6080265946439,
            343.0095651162685,
            1696.0347348290363
        ]
    },
    {
        "scene_id": 8,
        "image_id": 3,
        "category_id": 14,
        "R": [
            [
                0.9975262567165819,
                -0.06347467866987544,
                -0.030204839492356264
            ],
            [
                -0.023405801214275712,
                -0.70508636041209,
                0.7087350653314313
            ],
            [
                -0.06628375087848248,
                -0.7062748682549784,
                -0.7048278334748787
            ]
        ],
        "t": [
            -76.24904393808845,
            407.52465457279425,
            1690.330146767449
        ]
    },
    {
        "scene_id": 8,
        "image_id": 3,
        "category_id": 14,
        "R": [
            [
                0.9970227252563046,
                -0.0629455263260574,
                -0.044537018737511924
            ],
            [
                0.009731510892048168,
                -0.47025391081640555,
                0.8824775107942603
            ],
            [
                -0.076491718625272,
                -0.8802835452724375,
                -0.4682412806495603
            ]
        ],
        "t": [
            145.8778921376969,
            -70.24650785649544,
            1677.120480438193
        ]
    }
]