[
    {
        "scene_id": 12,
        "image_id": 3,
        "category_id": 0,
        "R": [
            [
                0.3429665682359858,
                0.020728421457470846,
                0.9391188954594201
            ],
            [
                0.9367990894232129,
                -0.08114277290641794,
                -0.3403283759200379
            ],
            [
                0.06914823151601836,
                0.9964869103312726,
                -0.04724760968475677
            ]
        ],
        "t": [
            297.6085861958784,
            -64.84496036858313,
            1694.8429871578867
        ]
    },
    {
        "scene_id": 12,
        "image_id": 3,
        "category_id": 0,
        "R": [
            [
                -0.23120633819811703,
                0.06349336729148111,
                0.9708307039229938
            ],
            [
                0.9719842839082282,
                0.05847182077252651,
                0.22765694587784588
            ],
            [
                -0.042311540180398746,
                0.9962678436421025,
                -0.07523359818963513
            ]
        ],
        "t": [
            -174.34326299745703,
            -320.614860850718,
            1676.871712858293
        ]
    },
    {
        "scene_id": 12,
        "image_id": 3,
        "category_id": 0,
        "R": [
            [
                -0.9119369329445965,
                0.03469410409606739,
                -0.40886108113292235
            ],
            [
                -0.39900314169118983,
                0.15752940329550674,
                0.9033167036058812
            ],
            [
                0.0957473938911477,
                0.9869046478901686,
                -0.12981382645972936
            ]
        ],
        "t": [
            -35.207874502587316,
            -154.27124350439132,
            1674.2113861229288
        ]
    },
    {
        "scene_id": 12,
        "image_id": 3,
        "category_id": 0,
        "R": [
            [
                0.04275129972475517,
                0.06935200290575393,
                0.9966758049924824
            ],
            [
                0.9722227231488546,
                -0.23266317614006368,
                -0.02551293900979082
            ],
            [
                0.23012036051465407,
                0.9700815092114611,
                -0.07737223123899789
            ]
        ],
        "t": [
            -29.163205300442,
            -155.26920421418924,
            1658.2076343717338
        ]
    },
    {
        "scene_id": 12,
        "image_id": 3,
        "category_id": 0,
        "R": [
            [
                0.7978504042886015,
                -0.15102501272720786,
                0.5836319149085927
            ],
            [
                0.5810775866651371,
                -0.0652063445056424,
                -0.8112318151472525
            ],
            [
                0.1605727898292854,
                0.9863769843419683,
                0.03573235132434824
            ]
        ],
        "t": [
            275.2742874115782,
            -315.44102124111413,
            1711.6814697369664
        ]
    },
    {
        "scene_id": 12,
        "image_id": 3,
        "category_id": 0,
        "R": [
            [
                -0.11650773088396867,
                0.15333353118266155,
                0.9812822280322481
            ],
            [
                0.963195060253793,
                -0.22353525903257418,
                0.1492894867946365
            ],
            [
                0.2422422344915056,
                0.9625595080350142,
                -0.12164649737758675
            ]
        ],
        "t": [
            277.75029370028767,
            -204.52043092793147,
            1691.4958030774205
        ]
    },
    {
        "scene_id": 12,
        "image_id": 3,
        "category_id": 0,
        "R": [
            [
                0.9950126474519646,
                -0.06022880724089069,
                0.07951324657929953
            ],
            [
                0.07868608392404514,
                -0.01598689305716785,
                -0.9967712909401788
            ],
            [
                0.0613055198783413,
                0.9980565547197586,
                -0.011167981807517739
            ]
        ],
        "t": [
            107.77591378454608,
            -465.8352424233683,
            1701.8067179980383
        ]
    }
]