[
    {
        "scene_id": 12,
        "image_id": 5,
        "category_id": 0,
        "R": [
            [
                -0.7891426992636505,
                0.17961707573563607,
                0.5873598049710819
            ],
            [
                0.5314067291897818,
                -0.2798653233094309,
                0.7995513591860125
            ],
            [
                0.3079946847082238,
                0.9430870066592603,
                0.12540394358328574
            ]
        ],
        "t": [
            242.18904628954044,
            -10.517613277476727,
            1684.4679800332785
        ]
    },
    {
        "scene_id": 12,
        "image_id": 5,
        "category_id": 0,
        "R": [
            [
                0.3985690164741091,
                -0.028674501027216536,
                0.9166899946493964
            ],
            [
                0.9114826620714683,
                -0.09844585730004715,
                -0.3993843473635921
            ],
            [
                0.1016964679251267,
                0.9947291919974683,
                -0.013101145136943338
            ]
        ],
        "t": [
            105.79776555346976,
            -119.15574712047452,
            1666.3935297830524
        ]
    },
    {
        "scene_id": 12,
        "image_id": 5,
        "category_id": 0,
        "R": [
            [
                -0.8472298184190644,
                0.02158873824089894,
                -0.5307877121367581
            ],
            [
                -0.5060924653703586,
                0.2709012619007707,
                0.8188302692203047
            ],
            [
                0.16146855813977143,
                0.9623650106559587,
                -0.2185897252884986
            ]
        ],
        "t": [
            275.23943342378004,
            -210.43123597578455,
            1687.593774011182
        ]
    },
    {
        "scene_id": 12,
        "image_id": 5,
        "category_id": 0,
        "R": [
            [
                0.5760682951748652,
                0.012733937895991273,
                0.8173023922102478
            ],
            [
                0.8059442390733811,
                -0.1756730051159574,
                -0.5653255396436919
            ],
            [
                0.13637913570468488,
                0.9843662050672964,
                -0.11146247202594126
            ]
        ],
        "t": [
            -35.82804303306099,
            -159.6652559464996,
            1660.9571268276275
        ]
    },
    {
        "scene_id": 12,
        "image_id": 5,
        "category_id": 0,
        "R": [
            [
                0.953738995639243,
                -0.13388639323666016,
                -0.2691772577610051
            ],
            [
                -0.2589721027703806,
                0.08887699896868027,
                -0.96178709496254
            ],
            [
                0.15269387212104577,
                0.9870031852754193,
                0.05009262098492306
            ]
        ],
        "t": [
            273.36575507635234,
            -304.5014144398581,
            1708.6412877147125
        ]
    },
    {
        "scene_id": 12,
        "image_id": 5,
        "category_id": 0,
        "R": [
            [
                0.7131171092525036,
                -0.002617178057790085,
                0.7010400652337748
            ],
            [
                0.6998793119194763,
                -0.054984797490091726,
                -0.712141634639885
            ],
            [
                0.04041034526108416,
                0.9984837508158773,
                -0.037378875809982524
            ]
        ],
        "t": [
            108.79077296441083,
            -465.9748861656755,
            1704.302004714369
        ]
    }
]