[
    {
        "scene_id": 10,
        "image_id": 4,
        "category_id": 1,
        "R": [
            [
                0.3179536826017362,
                0.8720432942891316,
                -0.3720832731701247
            ],
            [
                0.8987294532345421,
                -0.4022127472342344,
                -0.17467215543829556
            ],
            [
                -0.30197827391787885,
                -0.27886452919827837,
                -0.911615951508525
            ]
        ],
        "t": [
            -215.4472071827078,
            -3.621429994803748,
            1877.8564617516913
        ]
    },
    {
        "scene_id": 10,
        "image_id": 4,
        "category_id": 1,
        "R": [
            [
                0.31909098202083186,
                0.8704112391367768,
                -0.37492030292450423
            ],
            [
                0.8983060649776794,
                -0.4038565040072027,
                -0.17304977269510324
            ],
            [
                -0.3020384264762992,
                -0.28157454753658917,
                -0.910762597892271
            ]
        ],
        "t": [
            -142.16944832556683,
            553.0433094792578,
            2136.069503447625
        ]
    },
    {
        "scene_id": 10,
        "image_id": 4,
        "category_id": 1,
        "R": [
            [
                0.31798242788058473,
                0.8720215116814058,
                -0.3721097583935214
            ],
            [
                0.8987166267557704,
                -0.40224727788354236,
                -0.1746586335181828
            ],
            [
                -0.30198617958333374,
                -0.2788828381232577,
                -0.9116077317295919
            ]
        ],
        "t": [
            -274.469214662653,
            50.45756737328145,
            1876.0047462141713
        ]
    }
]