[
    {
        "scene_id": 10,
        "image_id": 5,
        "category_id": 0,
        "R": [
            [
                -0.5161576399924628,
                0.24820288086822595,
                0.8197418094581761
            ],
            [
                0.7845158087834132,
                -0.24703949842803435,
                0.5687763339132192
            ],
            [
                0.34368052143404115,
                0.936678581645625,
                -0.06720774123088738
            ]
        ],
        "t": [
            273.04199577069494,
            -113.75350400495165,
            1858.4085575893964
        ]
    },
    {
        "scene_id": 10,
        "image_id": 5,
        "category_id": 0,
        "R": [
            [
                0.6852268209600868,
                0.14264792955898567,
                0.7142239043865083
            ],
            [
                0.7171781286694962,
                -0.3030966922053825,
                -0.6275253086264369
            ],
            [
                0.12696372347001825,
                0.942222856604507,
                -0.3099939483649055
            ]
        ],
        "t": [
            366.8342603809575,
            -14.946752466143721,
            1895.2848376417649
        ]
    },
    {
        "scene_id": 10,
        "image_id": 5,
        "category_id": 0,
        "R": [
            [
                -0.3785059294065358,
                0.22864054782597681,
                0.8969151436237279
            ],
            [
                0.859847107365166,
                -0.27184492600589205,
                0.43216128261916004
            ],
            [
                0.3426314163985247,
                0.934785422118921,
                -0.09370098024505337
            ]
        ],
        "t": [
            -32.88923735495166,
            -24.461961171379585,
            1857.6517650798403
        ]
    },
    {
        "scene_id": 10,
        "image_id": 5,
        "category_id": 0,
        "R": [
            [
                0.11649062823200323,
                0.22283548785185542,
                0.9678710102361672
            ],
            [
                0.9578795233926627,
                -0.2827506007382223,
                -0.05018966508803411
            ],
            [
                0.2624820726342525,
                0.9329503698915723,
                -0.24638732815020625
            ]
        ],
        "t": [
            219.17846583392577,
            -65.78911477603026,
            1865.7218874953207
        ]
    },
    {
        "scene_id": 10,
        "image_id": 5,
        "category_id": 0,
        "R": [
            [
                0.8096646174835866,
                0.16364180838793557,
                0.5636174050810743
            ],
            [
                0.5859681079660489,
                -0.27929063589527275,
                -0.7606827217587715
            ],
            [
                0.03293357809695278,
                0.9461596307540824,
                -0.32202061917402514
            ]
        ],
        "t": [
            223.4247256819633,
            -162.4150687004883,
            1841.8993769600386
        ]
    },
    {
        "scene_id": 10,
        "image_id": 5,
        "category_id": 0,
        "R": [
            [
                0.3441324053003225,
                0.1871369404851128,
                0.9200829672892147
            ],
            [
                0.9158659134848348,
                -0.28272954357756075,
                -0.28505038105472263
            ],
            [
                0.20679118610466554,
                0.9407676222635155,
                -0.26868872856573084
            ]
        ],
        "t": [
            166.2779996607382,
            -18.196458796267166,
            1873.4818083437278
        ]
    },
    {
        "scene_id": 10,
        "image_id": 5,
        "category_id": 0,
        "R": [
            [
                0.8994126728298054,
                0.13407088995838598,
                0.41603107334254796
            ],
            [
                0.4370548875606741,
                -0.2895998369856739,
                -0.8515368727845126
            ],
            [
                0.00631623417138001,
                0.9477113897326783,
                -0.31906609591907487
            ]
        ],
        "t": [
            259.71457713982954,
            78.55734662564856,
            1914.022346018323
        ]
    },
    {
        "scene_id": 10,
        "image_id": 5,
        "category_id": 0,
        "R": [
            [
                0.5954755686242563,
                0.1602620504798277,
                -0.7872261021557023
            ],
            [
                -0.795794066421987,
                -0.016616804765059636,
                -0.605339385536236
            ],
            [
                -0.11009412305700732,
                0.9869345999925498,
                0.11764066479770721
            ]
        ],
        "t": [
            -84.30934286748598,
            24.215983855348668,
            1864.4094379061298
        ]
    },
    {
        "scene_id": 10,
        "image_id": 5,
        "category_id": 0,
        "R": [
            [
                -0.1676033196280134,
                0.23709601354184176,
                0.9569193389099614
            ],
            [
                0.9343852723663645,
                -0.27132524256307666,
                0.2308827875077576
            ],
            [
                0.31437775727140743,
                0.9328279813048002,
                -0.1760639930139157
            ]
        ],
        "t": [
            246.20437085627213,
            366.7912432224681,
            1997.9278203464264
        ]
    },
    {
        "scene_id": 10,
        "image_id": 5,
        "category_id": 0,
        "R": [
            [
                -0.6839981289218815,
                0.2308641678142085,
                0.6919886626372275
            ],
            [
                0.6552003470540787,
                -0.22262497011375917,
                0.7219076907309496
            ],
            [
                0.32071656374869634,
                0.9471746441859393,
                0.001012796455387784
            ]
        ],
        "t": [
            174.20752773819493,
            -111.98075464518922,
            1842.4684543024914
        ]
    },
    {
        "scene_id": 10,
        "image_id": 5,
        "category_id": 0,
        "R": [
            [
                0.7456732017114313,
                0.07788427484435605,
                0.6617443082860873
            ],
            [
                0.6417394553980366,
                -0.35116795813873924,
                -0.6818002805782125
            ],
            [
                0.17928187799142206,
                0.9330675508678533,
                -0.3118379392401231
            ]
        ],
        "t": [
            -82.73240684426708,
            116.68580104316777,
            1879.1557402146354
        ]
    },
    {
        "scene_id": 10,
        "image_id": 5,
        "category_id": 0,
        "R": [
            [
                0.9054615386054674,
                0.10714919995039762,
                0.4106804897044046
            ],
            [
                0.42399634489051313,
                -0.18470958622753955,
                -0.8866281939514249
            ],
            [
                -0.01914486713945528,
                0.976934676333527,
                -0.21267829895763157
            ]
        ],
        "t": [
            14.119186898711973,
            25.92430732947537,
            1877.1308363557262
        ]
    },
    {
        "scene_id": 10,
        "image_id": 5,
        "category_id": 0,
        "R": [
            [
                -0.024288514142367726,
                0.1418883765531889,
                0.989584645317164
            ],
            [
                0.978222636406561,
                -0.20073281579334035,
                0.05279106287908758
            ],
            [
                0.20613255683512702,
                0.9693162385080953,
                -0.13392290836642845
            ]
        ],
        "t": [
            172.91944949603914,
            -108.72592331991564,
            1736.777827880104
        ]
    },
    {
        "scene_id": 10,
        "image_id": 5,
        "category_id": 0,
        "R": [
            [
                -0.15693670337281657,
                0.2730943531015401,
                0.9490997624097081
            ],
            [
                0.9269604048298475,
                -0.29084759462953713,
                0.2369644922985867
            ],
            [
                0.3407570425235889,
                0.9169662495566645,
                -0.20750296805769777
            ]
        ],
        "t": [
            236.3710977881707,
            107.7484999468735,
            1523.329767775652
        ]
    },
    {
        "scene_id": 10,
        "image_id": 5,
        "category_id": 0,
        "R": [
            [
                -0.19586976120052949,
                0.24906390371929482,
                0.9484736275084267
            ],
            [
                0.9091972561378125,
                -0.3162647421602483,
                0.27080813933893094
            ],
            [
                0.36741729197718137,
                0.9153926681079908,
                -0.16450149950222556
            ]
        ],
        "t": [
            242.19857697035263,
            345.626508037112,
            1871.2137059470197
        ]
    },
    {
        "scene_id": 10,
        "image_id": 5,
        "category_id": 0,
        "R": [
            [
                -0.5481376810452036,
                0.24084362905899323,
                0.8009615736898497
            ],
            [
                0.7634897982828018,
                -0.246936501627361,
                0.5967459912865405
            ],
            [
                0.34150911013756774,
                0.9386248768266456,
                -0.048526435098849165
            ]
        ],
        "t": [
            -17.279880945723278,
            437.8381590937079,
            2132.9086541452098
        ]
    },
    {
        "scene_id": 10,
        "image_id": 5,
        "category_id": 0,
        "R": [
            [
                0.22273063608235036,
                0.2280187865586154,
                0.9478388630428316
            ],
            [
                0.946590074660285,
                -0.2831063756302102,
                -0.15433112669384275
            ],
            [
                0.23314883252358615,
                0.9315890525304675,
                -0.27889676532090857
            ]
        ],
        "t": [
            292.7623590897243,
            300.5680065694998,
            1863.290586820623
        ]
    },
    {
        "scene_id": 10,
        "image_id": 5,
        "category_id": 0,
        "R": [
            [
                0.09794603711982472,
                0.21929510456626705,
                0.9707297484333279
            ],
            [
                0.9588495359016447,
                -0.28198527964079034,
                -0.0330447514975601
            ],
            [
                0.2664849486033463,
                0.9340202934470233,
                -0.2378903323071377
            ]
        ],
        "t": [
            226.81445641392258,
            183.17356058748902,
            1519.1257398251084
        ]
    },
    {
        "scene_id": 10,
        "image_id": 5,
        "category_id": 0,
        "R": [
            [
                -0.1727836549136249,
                0.2476913759435926,
                0.9533072980133422
            ],
            [
                0.9324310771096442,
                -0.2707196638591416,
                0.2393391653586421
            ],
            [
                0.31736127519923896,
                0.9302471692239056,
                -0.18417918384827148
            ]
        ],
        "t": [
            266.7148840744561,
            -105.57024367755139,
            1740.3123013363818
        ]
    },
    {
        "scene_id": 10,
        "image_id": 5,
        "category_id": 0,
        "R": [
            [
                -0.2697016305781994,
                0.22779419047382635,
                0.9356125537942912
            ],
            [
                0.9189088918050459,
                -0.2295768975461271,
                0.32078183039122943
            ],
            [
                0.28786726345608,
                0.9462580001493808,
                -0.14740482485928033
            ]
        ],
        "t": [
            373.96279431274115,
            87.03521597085603,
            2058.237775264616
        ]
    },
    {
        "scene_id": 10,
        "image_id": 5,
        "category_id": 0,
        "R": [
            [
                0.372036075916041,
                0.1852965057059806,
                0.9095352531693247
            ],
            [
                0.9018213896784488,
                -0.30417643865246186,
                -0.30691197650395724
            ],
            [
                0.21978948092950498,
                0.9344205950472682,
                -0.28026894625063226
            ]
        ],
        "t": [
            334.0688814136124,
            -23.085640679155404,
            1700.5715668175649
        ]
    },
    {
        "scene_id": 10,
        "image_id": 5,
        "category_id": 0,
        "R": [
            [
                -0.24381794268611065,
                0.24160521732601636,
                0.9392442405214954
            ],
            [
                0.9084305117632049,
                -0.28220042199758116,
                0.30841046213845874
            ],
            [
                0.3395686922550494,
                0.9284340531139119,
                -0.1506760062745928
            ]
        ],
        "t": [
            222.38460139805818,
            256.2248392002833,
            1541.8096954829302
        ]
    }
]