[
    {
        "scene_id": 13,
        "image_id": 1,
        "category_id": 0,
        "R": [
            [
                -0.3262685242961528,
                0.7156851781491438,
                0.6175302434064855
            ],
            [
                0.8678730287382477,
                -0.032108238265111354,
                0.4957474447586332
            ],
            [
                0.3746269000761583,
                0.6976846224392139,
                -0.6106479498580594
            ]
        ],
        "t": [
            222.52756893272408,
            -427.1242002781406,
            1904.0219306788215
        ]
    },
    {
        "scene_id": 13,
        "image_id": 1,
        "category_id": 0,
        "R": [
            [
                -0.5588428587672369,
                0.7170468700104232,
                0.4165794895377725
            ],
            [
                0.6092441964958887,
                0.014203295156369112,
                0.7928554959154174
            ],
            [
                0.5625977422953278,
                0.6968802607336806,
                -0.4447940510827776
            ]
        ],
        "t": [
            -74.18087602923833,
            -473.5927804232547,
            2084.0731866515443
        ]
    },
    {
        "scene_id": 13,
        "image_id": 1,
        "category_id": 0,
        "R": [
            [
                -0.5101175756612957,
                0.7045221438283705,
                0.4933848736507361
            ],
            [
                0.6489019558850991,
                -0.06127173623069106,
                0.7584010073491936
            ],
            [
                0.5645408433395943,
                0.7070320852593822,
                -0.42591000449609095
            ]
        ],
        "t": [
            284.89167309213553,
            -3.4193157302282486,
            1751.9026430140457
        ]
    },
    {
        "scene_id": 13,
        "image_id": 1,
        "category_id": 0,
        "R": [
            [
                0.5011480076778626,
                0.6544653542411651,
                -0.5661499802957952
            ],
            [
                -0.7773022273545009,
                0.052905177724669426,
                -0.6268989962347644
            ],
            [
                -0.3803314019835476,
                0.7542388153484895,
                0.5352306973647978
            ]
        ],
        "t": [
            185.17348342080732,
            -462.2784263129232,
            1940.8539534025745
        ]
    },
    {
        "scene_id": 13,
        "image_id": 1,
        "category_id": 0,
        "R": [
            [
                0.7522426211020731,
                0.48582036459301503,
                0.44509508875590587
            ],
            [
                0.5274851202018387,
                -0.039239716638307526,
                -0.8486576191635234
            ],
            [
                -0.3948297454304999,
                0.8731774587622341,
                -0.28578079527407996
            ]
        ],
        "t": [
            172.893300844775,
            -444.31482986438635,
            1835.4427633953321
        ]
    },
    {
        "scene_id": 13,
        "image_id": 1,
        "category_id": 0,
        "R": [
            [
                0.7111477702382855,
                0.6146660231606252,
                0.3412543839241503
            ],
            [
                0.49178935811709795,
                -0.08805288608144503,
                -0.8662505286901728
            ],
            [
                -0.5024063294966561,
                0.7838573980430347,
                -0.36490481625976506
            ]
        ],
        "t": [
            127.91311054408243,
            44.84640081292608,
            1874.5578103967748
        ]
    }
]