[
    {
        "scene_id": 10,
        "image_id": 0,
        "category_id": 0,
        "R": [
            [
                0.7300150578165298,
                -0.0952135340653255,
                0.6767661579042851
            ],
            [
                0.6797162500226427,
                -0.001957120767750565,
                -0.7334726144369194
            ],
            [
                0.07116102875595871,
                0.9954549353951375,
                0.06328946664443502
            ]
        ],
        "t": [
            72.93251349370982,
            69.44759896818994,
            1897.1710354949253
        ]
    },
    {
        "scene_id": 10,
        "image_id": 0,
        "category_id": 0,
        "R": [
            [
                0.8589995275958355,
                -0.20550485473218155,
                -0.4689217423667252
            ],
            [
                -0.4445369194783625,
                0.15498312532677072,
                -0.8822512369388374
            ],
            [
                0.25398186289533453,
                0.9663063496918696,
                0.041775936490658076
            ]
        ],
        "t": [
            76.79753693377934,
            -28.322294917948625,
            1897.6969104005125
        ]
    },
    {
        "scene_id": 10,
        "image_id": 0,
        "category_id": 0,
        "R": [
            [
                0.2949509155982118,
                -0.06683843518298202,
                0.9531718707361625
            ],
            [
                0.9319237355756885,
                -0.20016337248438634,
                -0.302411743128148
            ],
            [
                0.21100280352347459,
                0.9774800415529676,
                0.0032499654035688906
            ]
        ],
        "t": [
            262.72924323585084,
            76.51795409866355,
            1961.4480473965004
        ]
    },
    {
        "scene_id": 10,
        "image_id": 0,
        "category_id": 0,
        "R": [
            [
                -0.5205246650426879,
                0.0430027710271191,
                0.8527630790312134
            ],
            [
                0.8532374409798476,
                -0.011524697729754268,
                0.5213953755528268
            ],
            [
                0.03224926827123075,
                0.9990084690062145,
                -0.03069267916150668
            ]
        ],
        "t": [
            -68.92160302431463,
            113.8940130297562,
            1851.6249999458373
        ]
    },
    {
        "scene_id": 10,
        "image_id": 0,
        "category_id": 0,
        "R": [
            [
                0.6579002204144351,
                -0.02688676004264137,
                0.7526250303475538
            ],
            [
                0.7507709821724261,
                -0.05520609603160363,
                -0.6582517043534901
            ],
            [
                0.059247740802416266,
                0.9981129028862415,
                -0.016134289761003
            ]
        ],
        "t": [
            -70.05083061352147,
            14.549714688570077,
            1852.818147213503
        ]
    },
    {
        "scene_id": 10,
        "image_id": 0,
        "category_id": 0,
        "R": [
            [
                0.9770383554325724,
                -0.09390721694831017,
                0.1912525053724683
            ],
            [
                0.19457455529687173,
                0.027509628724854827,
                -0.9805019376594413
            ],
            [
                0.08681492393707059,
                0.9952007989992845,
                0.045149924222171824
            ]
        ],
        "t": [
            -104.37316093504316,
            -336.456046535105,
            1835.6693341773155
        ]
    },
    {
        "scene_id": 10,
        "image_id": 0,
        "category_id": 0,
        "R": [
            [
                0.9860152507739646,
                -0.16443808140421176,
                -0.027093852030808448
            ],
            [
                -0.012815876725805146,
                0.08727652380867212,
                -0.9961017260757549
            ],
            [
                0.1661617112374963,
                0.9825186516001901,
                0.08394856747231488
            ]
        ],
        "t": [
            272.2822902965735,
            -223.25851222671378,
            1963.0532514331512
        ]
    },
    {
        "scene_id": 10,
        "image_id": 0,
        "category_id": 0,
        "R": [
            [
                0.9137801941168018,
                -0.061432306109145775,
                0.4015368760133757
            ],
            [
                0.40029369188386243,
                -0.03190003018234462,
                -0.9158315540031512
            ],
            [
                0.0690706829553276,
                0.9976013415026121,
                -0.004558639331462281
            ]
        ],
        "t": [
            117.71536513488559,
            121.59332509332177,
            1920.3878025110237
        ]
    },
    {
        "scene_id": 10,
        "image_id": 0,
        "category_id": 0,
        "R": [
            [
                -0.6957423533774506,
                0.15753554677690904,
                0.7008032273121432
            ],
            [
                0.7036759144096224,
                -0.046330341519440724,
                0.7090090224601855
            ],
            [
                0.14416255405439468,
                0.9864258883964742,
                -0.07861998291797007
            ]
        ],
        "t": [
            276.38488754872117,
            -324.89841783080567,
            1960.9567917238528
        ]
    },
    {
        "scene_id": 10,
        "image_id": 0,
        "category_id": 0,
        "R": [
            [
                -0.06949421164318631,
                0.07536401014671212,
                0.9947315490700528
            ],
            [
                0.9966236798721742,
                -0.03846077583569589,
                0.0725403090401202
            ],
            [
                0.04372506346269131,
                0.9964140777016186,
                -0.0724367419718582
            ]
        ],
        "t": [
            121.4257786633496,
            20.500814808829688,
            1914.8625753296717
        ]
    },
    {
        "scene_id": 10,
        "image_id": 0,
        "category_id": 0,
        "R": [
            [
                0.017226409937309835,
                -0.047034943875957136,
                0.9987447116495117
            ],
            [
                0.9961981651981254,
                -0.08450716432668451,
                -0.021162273715866764
            ],
            [
                0.0853964353805999,
                0.995312127774195,
                0.04540037592546392
            ]
        ],
        "t": [
            172.32804265955048,
            -26.829352528200758,
            1931.7633083396995
        ]
    },
    {
        "scene_id": 10,
        "image_id": 0,
        "category_id": 0,
        "R": [
            [
                0.03139293107598462,
                0.03175516649764028,
                0.9990025662988935
            ],
            [
                0.9925746369017473,
                -0.11850569875995277,
                -0.027424013861110912
            ],
            [
                0.11751662645917835,
                0.9924454594378314,
                -0.035239602029078616
            ]
        ],
        "t": [
            221.04802991975862,
            -75.54733229921851,
            1946.840824866842
        ]
    },
    {
        "scene_id": 10,
        "image_id": 0,
        "category_id": 0,
        "R": [
            [
                0.8665794306489183,
                -0.12868951809002602,
                0.4821608989772619
            ],
            [
                0.48416220097637774,
                -0.017347204860094938,
                -0.8748063354964485
            ],
            [
                0.12094254485894067,
                0.991533185685372,
                0.04727387790251114
            ]
        ],
        "t": [
            230.1074563294211,
            -373.3610654003385,
            1951.4488489654627
        ]
    },
    {
        "scene_id": 10,
        "image_id": 0,
        "category_id": 0,
        "R": [
            [
                0.30248088147137764,
                -0.03081043299973582,
                0.9526573716480004
            ],
            [
                0.9527700119694229,
                -0.018649031062573523,
                -0.3031197864338243
            ],
            [
                0.02710538156544428,
                0.9993512434063176,
                0.023714290980762175
            ]
        ],
        "t": [
            -62.09822521017634,
            -87.6265177646854,
            1847.5687441889224
        ]
    },
    {
        "scene_id": 10,
        "image_id": 0,
        "category_id": 0,
        "R": [
            [
                0.6429353315701685,
                0.008888124153053898,
                0.7658689149328404
            ],
            [
                0.7642652253928426,
                -0.07314931990546908,
                -0.6407401417486412
            ],
            [
                0.05032780820252369,
                0.9972813831849996,
                -0.053823150023254954
            ]
        ],
        "t": [
            212.53435000141127,
            -559.3567620490046,
            2078.1466403789927
        ]
    },
    {
        "scene_id": 10,
        "image_id": 0,
        "category_id": 0,
        "R": [
            [
                0.9655451082846052,
                -0.060673350059038476,
                -0.25306406827697137
            ],
            [
                -0.24308256040990947,
                0.1369328527118872,
                -0.9602918044366624
            ],
            [
                0.0929169099364351,
                0.9887204429601922,
                0.11746621014039313
            ]
        ],
        "t": [
            147.04029803075332,
            65.51387495734082,
            1802.7141908322421
        ]
    },
    {
        "scene_id": 10,
        "image_id": 0,
        "category_id": 0,
        "R": [
            [
                0.5386716175784629,
                -0.13657633155497478,
                0.8313722561325922
            ],
            [
                0.8288276754298934,
                -0.09124871986458086,
                -0.5520130818739976
            ],
            [
                0.15125356287119274,
                0.986418042596135,
                0.0640451556627182
            ]
        ],
        "t": [
            243.4505364120484,
            -118.27156101273596,
            1833.4980365307922
        ]
    },
    {
        "scene_id": 10,
        "image_id": 0,
        "category_id": 0,
        "R": [
            [
                0.9986776631853772,
                -0.026666952861077866,
                0.04395262076723272
            ],
            [
                0.04515267553961109,
                0.046205738782227876,
                -0.9979109943229793
            ],
            [
                0.02458038926056635,
                0.9985759256731289,
                0.04734872896007087
            ]
        ],
        "t": [
            201.86455772854512,
            -240.92124594727292,
            2074.667602637619
        ]
    },
    {
        "scene_id": 10,
        "image_id": 0,
        "category_id": 0,
        "R": [
            [
                0.7596368727590396,
                -0.10483989893837664,
                0.6418414534198199
            ],
            [
                0.6244008087897455,
                -0.15841559224052693,
                -0.7648713729204861
            ],
            [
                0.18186672006205826,
                0.9817907500078505,
                -0.05487619098637758
            ]
        ],
        "t": [
            -218.64050663736919,
            140.8695640167614,
            2382.5347134478347
        ]
    },
    {
        "scene_id": 10,
        "image_id": 0,
        "category_id": 0,
        "R": [
            [
                0.9793231755762394,
                0.018058995673388867,
                0.2014944779569593
            ],
            [
                0.20127093072166802,
                0.013461360427701614,
                -0.9794431536425904
            ],
            [
                -0.020400140597594492,
                0.9997462886154704,
                0.009548280864773558
            ]
        ],
        "t": [
            62.95874426764689,
            126.10810364061513,
            1995.5362408723522
        ]
    },
    {
        "scene_id": 10,
        "image_id": 0,
        "category_id": 0,
        "R": [
            [
                0.5811650807038898,
                -0.005310195857457474,
                -0.81376838534254
            ],
            [
                -0.8005719887441833,
                0.17573999240280944,
                -0.5728874522137113
            ],
            [
                0.14605379609543065,
                0.9844222845223882,
                0.0978827430455323
            ]
        ],
        "t": [
            -204.49202522391283,
            -361.974752711528,
            1948.4970789748786
        ]
    }
]