[
    {
        "scene_id": 14,
        "image_id": 1,
        "category_id": 14,
        "R": [
            [
                0.8302563085648518,
                -0.5554396853730594,
                -0.04648890191156533
            ],
            [
                0.5563771890315297,
                0.8308775820750445,
                0.009320253778844313
            ],
            [
                0.033449747587087,
                -0.03360356406403002,
                0.9988753249873352
            ]
        ],
        "t": [
            -36.71015699554516,
            194.35836732125836,
            1691.509889524487
        ]
    },
    {
        "scene_id": 14,
        "image_id": 1,
        "category_id": 14,
        "R": [
            [
                0.9876113411169686,
                -0.15691981602590838,
                -0.00010117083155205346
            ],
            [
                -0.12221249141749278,
                -0.7695768095672388,
                0.6267500627186557
            ],
            [
                -0.09842736326180503,
                -0.6189731056473333,
                -0.7792203466585197
            ]
        ],
        "t": [
            -230.5463306859433,
            221.76147149674216,
            1722.8445012247314
        ]
    },
    {
        "scene_id": 14,
        "image_id": 1,
        "category_id": 14,
        "R": [
            [
                0.9891351616380288,
                -0.06017772199308971,
                -0.13412782629653394
            ],
            [
                -0.04616575259226117,
                -0.9933752554225996,
                0.10523461978681815
            ],
            [
                -0.13957204340017698,
                -0.0978991506082068,
                -0.9853605436647489
            ]
        ],
        "t": [
            53.93856607112531,
            226.55820624457579,
            1690.7243052171837
        ]
    },
    {
        "scene_id": 14,
        "image_id": 1,
        "category_id": 14,
        "R": [
            [
                0.9920832140335065,
                -0.045038869598863,
                -0.11722796875406412
            ],
            [
                0.10016814738055257,
                -0.27922555390831605,
                0.9549866136731665
            ],
            [
                -0.07574456207078582,
                -0.9591686975031303,
                -0.2725035248338161
            ]
        ],
        "t": [
            -147.38820043745082,
            80.1009275121458,
            1681.871348079329
        ]
    },
    {
        "scene_id": 14,
        "image_id": 1,
        "category_id": 14,
        "R": [
            [
                0.6888555535585084,
                -0.724886655084628,
                0.004166966740861704
            ],
            [
                0.718257612483615,
                0.6817571413309415,
                -0.13897194808161648
            ],
            [
                0.09789805126220662,
                0.09872455380745618,
                0.9902875511863112
            ]
        ],
        "t": [
            1.5584971446733107,
            74.31365226820674,
            1685.2530888917076
        ]
    },
    {
        "scene_id": 14,
        "image_id": 1,
        "category_id": 14,
        "R": [
            [
                0.7155199647021286,
                -0.664713660465118,
                -0.2149114461905837
            ],
            [
                0.6923285609508257,
                0.7158196097022863,
                0.09101346085841223
            ],
            [
                0.09333993681390362,
                -0.21391128057381723,
                0.9723834738614421
            ]
        ],
        "t": [
            -75.9301026152919,
            313.48706838021843,
            1746.914975307861
        ]
    }
]