[
    {
        "scene_id": 1,
        "image_id": 2,
        "category_id": 14,
        "R": [
            [
                0.7814828919648596,
                -0.20960595112755295,
                -0.587664729942298
            ],
            [
                0.6225514533151182,
                0.3244592380164361,
                0.7121487842024496
            ],
            [
                0.041402627229127645,
                -0.9223836230754026,
                0.38404983314775526
            ]
        ],
        "t": [
            7.8303253734193845,
            8.232167300146216,
            1827.6429634160936
        ]
    },
    {
        "scene_id": 1,
        "image_id": 2,
        "category_id": 14,
        "R": [
            [
                0.9512196409709313,
                0.13623623355001382,
                -0.27680477470455295
            ],
            [
                0.30639560072961464,
                -0.5221363825475952,
                0.795924201085537
            ],
            [
                -0.03609612838894002,
                -0.8419104980270865,
                -0.5384085649644811
            ]
        ],
        "t": [
            83.04116512108737,
            307.28260362661024,
            1917.5747479464108
        ]
    },
    {
        "scene_id": 1,
        "image_id": 2,
        "category_id": 14,
        "R": [
            [
                0.9974838989833069,
                -0.06814065263127128,
                0.019563300540670993
            ],
            [
                0.0027684078482403266,
                0.31318293176290557,
                0.9496887843764276
            ],
            [
                -0.07083930538229467,
                -0.9472451122657614,
                0.31258357298741435
            ]
        ],
        "t": [
            -54.53943955930106,
            188.48887935491717,
            1868.0909500170528
        ]
    }
]