[
    {
        "scene_id": 12,
        "image_id": 0,
        "category_id": 0,
        "R": [
            [
                0.6037238081685925,
                0.5257846966235638,
                0.5992228649987528
            ],
            [
                0.7453925963671078,
                -0.10577399838941755,
                -0.6581806746679211
            ],
            [
                -0.28267912647044346,
                0.844015621531509,
                -0.45577429434245065
            ]
        ],
        "t": [
            -365.7116800738838,
            -135.71392181926237,
            2257.0249233236786
        ]
    },
    {
        "scene_id": 12,
        "image_id": 0,
        "category_id": 0,
        "R": [
            [
                0.8009030864845144,
                0.567824342323183,
                0.1900783733496706
            ],
            [
                0.19834177037101372,
                0.0479487602008175,
                -0.9789594069632298
            ],
            [
                -0.56499099766865,
                0.8217520825575197,
                -0.07422097197176673
            ]
        ],
        "t": [
            70.6072220649753,
            75.95050190364447,
            2026.2513251530954
        ]
    },
    {
        "scene_id": 12,
        "image_id": 0,
        "category_id": 0,
        "R": [
            [
                -0.702730489713641,
                0.709419679929867,
                0.053792213613734874
            ],
            [
                0.11741993164100066,
                0.04107608058874115,
                0.9922325217495103
            ],
            [
                0.7016996963281872,
                0.703588316247315,
                -0.11216542572410416
            ]
        ],
        "t": [
            -112.80006392615223,
            -158.40866522216845,
            2091.2335696858463
        ]
    },
    {
        "scene_id": 12,
        "image_id": 0,
        "category_id": 0,
        "R": [
            [
                0.8913503667738778,
                0.431068674768145,
                -0.14026527359308627
            ],
            [
                -0.18620474862925168,
                0.06605277244683522,
                -0.9802881641642454
            ],
            [
                -0.4133066042393441,
                0.8998982646168665,
                0.13914319798813765
            ]
        ],
        "t": [
            22.42147216593162,
            -370.8890922723188,
            2014.0014764504665
        ]
    },
    {
        "scene_id": 12,
        "image_id": 0,
        "category_id": 0,
        "R": [
            [
                -0.7107090154342547,
                0.7029935468645383,
                -0.026320982841115916
            ],
            [
                0.13185505726353955,
                0.16986757040164685,
                0.9766060179828776
            ],
            [
                0.6910188015919165,
                0.6906121389164891,
                -0.21341966812441315
            ]
        ],
        "t": [
            28.203230786265067,
            -262.2435663460117,
            2004.0838797522185
        ]
    },
    {
        "scene_id": 12,
        "image_id": 0,
        "category_id": 0,
        "R": [
            [
                -0.2105178049837578,
                0.7736151473204614,
                0.5976636874627698
            ],
            [
                0.9234174391989548,
                -0.04332829100906307,
                0.3813436168889955
            ],
            [
                0.320908938603668,
                0.6321726862617563,
                -0.7052483344067775
            ]
        ],
        "t": [
            -344.0565710952501,
            88.6130260569746,
            2315.73245914554
        ]
    },
    {
        "scene_id": 12,
        "image_id": 0,
        "category_id": 0,
        "R": [
            [
                0.16940751556971526,
                0.6646644224059938,
                0.7276828464012585
            ],
            [
                0.9810158154011643,
                -0.043011280721092934,
                -0.18909802120599278
            ],
            [
                -0.09438815716625842,
                0.7459029988899467,
                -0.659332736445274
            ]
        ],
        "t": [
            -138.3145402784885,
            -504.69166001008637,
            2094.3206564017273
        ]
    }
]