[
    {
        "scene_id": 7,
        "image_id": 2,
        "category_id": 0,
        "R": [
            [
                0.373044907715208,
                0.5769459810311094,
                0.7266159884632197
            ],
            [
                0.9179535762722327,
                -0.1156383640341219,
                -0.37945878608746064
            ],
            [
                -0.13490254657353512,
                0.8085549029311365,
                -0.5727479408955265
            ]
        ],
        "t": [
            105.22040858816968,
            -380.85107471752156,
            2083.539145054835
        ]
    },
    {
        "scene_id": 7,
        "image_id": 2,
        "category_id": 0,
        "R": [
            [
                -0.08194550144360249,
                0.5961543299071534,
                0.7986769763907614
            ],
            [
                0.9185065247424227,
                -0.26585945237989833,
                0.29268495921775134
            ],
            [
                0.3868212279459647,
                0.7575742197478906,
                -0.5257856703161669
            ]
        ],
        "t": [
            -64.48421976242844,
            -194.18886350599448,
            2175.276500795881
        ]
    },
    {
        "scene_id": 7,
        "image_id": 2,
        "category_id": 0,
        "R": [
            [
                -0.348663820099751,
                0.5967138717654203,
                0.7227489596580193
            ],
            [
                0.8455856443313944,
                -0.13233255739813074,
                0.5171779018090097
            ],
            [
                0.40425044989518893,
                0.7914673572726179,
                -0.4584331227752917
            ]
        ],
        "t": [
            272.1705450471777,
            -346.23933122787594,
            1993.939004237759
        ]
    }
]