[
    {
        "scene_id": 8,
        "image_id": 1,
        "category_id": 14,
        "R": [
            [
                0.830753972352496,
                -0.1218564393882404,
                -0.543137961847787
            ],
            [
                0.5537507567737888,
                0.2802030123060557,
                0.7841214008475142
            ],
            [
                0.0566386510521243,
                -0.9521750259664613,
                0.3002578610673883
            ]
        ],
        "t": [
            145.9464256943334,
            343.55872706675177,
            1685.0858153164183
        ]
    },
    {
        "scene_id": 8,
        "image_id": 1,
        "category_id": 14,
        "R": [
            [
                0.9664255153806018,
                0.14410216877310073,
                -0.21273525372214644
            ],
            [
                0.25041869521382704,
                -0.7136680096605295,
                0.654192975409078
            ],
            [
                -0.05755171855593602,
                -0.6855016680811706,
                -0.7257928511284684
            ]
        ],
        "t": [
            -202.76065126133616,
            136.41244294536529,
            1672.1496979774338
        ]
    },
    {
        "scene_id": 8,
        "image_id": 1,
        "category_id": 14,
        "R": [
            [
                0.9845173669231935,
                -0.05429130147659004,
                -0.16666735976369046
            ],
            [
                -0.11051391886598164,
                -0.9302924767735352,
                -0.3497750439860526
            ],
            [
                -0.13605964854983515,
                0.3627786683951247,
                -0.9218890441880496
            ]
        ],
        "t": [
            -75.94554964812619,
            407.65719457119366,
            1694.9490301406122
        ]
    },
    {
        "scene_id": 8,
        "image_id": 1,
        "category_id": 14,
        "R": [
            [
                0.9853798976673817,
                -0.09563092045825822,
                -0.14100065363439654
            ],
            [
                -0.12156960158508673,
                -0.9744890110835299,
                -0.18865841949907214
            ],
            [
                -0.11936200921341783,
                0.2030416073856558,
                -0.9718676949188019
            ]
        ],
        "t": [
            143.1112137830621,
            -69.29930390160928,
            1676.2081292902524
        ]
    }
]