[
    {
        "scene_id": 8,
        "image_id": 3,
        "category_id": 14,
        "R": [
            [
                0.6916167084350465,
                -0.4864112737709387,
                0.533919845446866
            ],
            [
                0.5572836532294811,
                0.8296287802446544,
                0.03392663898724435
            ],
            [
                -0.45945756981105024,
                0.2740805716177275,
                0.844854177834864
            ]
        ],
        "t": [
            8.828765910677248,
            -210.97163168734758,
            1895.7268737798481
        ]
    },
    {
        "scene_id": 8,
        "image_id": 3,
        "category_id": 14,
        "R": [
            [
                0.6274992770241916,
                -0.611938636617598,
                0.4814309528361388
            ],
            [
                0.6725177199299088,
                0.7375672479190856,
                0.060946461565403544
            ],
            [
                -0.3923831975434137,
                0.2855269861355698,
                0.8743624914610328
            ]
        ],
        "t": [
            0.532007201290071,
            -66.97694244694664,
            1864.0376974253431
        ]
    },
    {
        "scene_id": 8,
        "image_id": 3,
        "category_id": 14,
        "R": [
            [
                0.8531721121508232,
                -0.31974272557528205,
                -0.4121431019558542
            ],
            [
                -0.05394568380521082,
                -0.8399545276090282,
                0.5399687534921657
            ],
            [
                -0.5188325454777214,
                -0.4384529404517484,
                -0.7338745184037417
            ]
        ],
        "t": [
            -202.87403654624813,
            -1.5192109934187386,
            1949.5587420068957
        ]
    },
    {
        "scene_id": 8,
        "image_id": 3,
        "category_id": 14,
        "R": [
            [
                0.8451633641617753,
                -0.4196200513209993,
                -0.33108594112120154
            ],
            [
                -0.023795910168557824,
                -0.6483462807892831,
                0.7609736229633419
            ],
            [
                -0.5339781292693545,
                -0.6352685359090803,
                -0.5579437648598062
            ]
        ],
        "t": [
            28.75578136844456,
            -474.5078114950195,
            1929.3212787013763
        ]
    }
]