[
    {
        "scene_id": 14,
        "image_id": 2,
        "category_id": 0,
        "R": [
            [
                -0.06447914222409094,
                0.044526989189996535,
                0.9969251835741378
            ],
            [
                0.9552195620700892,
                -0.2863473574065316,
                0.07457121522677099
            ],
            [
                0.2887872940241459,
                0.9570906591063592,
                -0.024069608759771488
            ]
        ],
        "t": [
            441.14993221057614,
            -406.18482994656915,
            2005.4453514007282
        ]
    },
    {
        "scene_id": 14,
        "image_id": 2,
        "category_id": 0,
        "R": [
            [
                -0.7608574965701919,
                0.10854324605441472,
                0.6397767328072503
            ],
            [
                0.6371472953088884,
                -0.06198062390285292,
                0.7682459328474542
            ],
            [
                0.12304164703079552,
                0.9921576221343712,
                -0.02199961228977817
            ]
        ],
        "t": [
            351.73811827678566,
            -431.16308029188997,
            1967.9123455349636
        ]
    },
    {
        "scene_id": 14,
        "image_id": 2,
        "category_id": 0,
        "R": [
            [
                -0.3864310013268514,
                0.17846838020477815,
                0.904886817603847
            ],
            [
                0.9022114861357835,
                -0.1305977059776228,
                0.4110459347488031
            ],
            [
                0.19153481966176758,
                0.9752401051110191,
                -0.11054920734435048
            ]
        ],
        "t": [
            -34.99865317620086,
            -455.7861372593183,
            1832.051019978017
        ]
    },
    {
        "scene_id": 14,
        "image_id": 2,
        "category_id": 0,
        "R": [
            [
                0.7352092041070292,
                -0.12220405192854049,
                0.6667335525389163
            ],
            [
                0.6671434434536433,
                -0.043599045900974624,
                -0.7436523623635001
            ],
            [
                0.11994627119853582,
                0.9915469073235975,
                0.04947322110857652
            ]
        ],
        "t": [
            257.5061356715095,
            -53.149181386723484,
            1930.3741997659163
        ]
    },
    {
        "scene_id": 14,
        "image_id": 2,
        "category_id": 0,
        "R": [
            [
                0.047001796664869304,
                -0.0009282745794653539,
                0.9988943906185419
            ],
            [
                0.9923094641043384,
                -0.11459458972236931,
                -0.046798444961308486
            ],
            [
                0.1145113184428753,
                0.9934118977919617,
                -0.0044650059494962075
            ]
        ],
        "t": [
            231.06168768615595,
            43.43806380872434,
            1898.32115357655
        ]
    },
    {
        "scene_id": 14,
        "image_id": 2,
        "category_id": 0,
        "R": [
            [
                0.39766829944871707,
                -0.134929688126116,
                0.9075538204802861
            ],
            [
                0.8674241693732146,
                -0.26710744355536675,
                -0.419796392290333
            ],
            [
                0.29905735194746547,
                0.9541737685508016,
                0.010821121014605339
            ]
        ],
        "t": [
            528.7210950684125,
            -379.46793827942236,
            2031.6322222124331
        ]
    },
    {
        "scene_id": 14,
        "image_id": 2,
        "category_id": 0,
        "R": [
            [
                -0.012785446730649037,
                0.030859305638263675,
                0.9994419792064124
            ],
            [
                0.988030365755333,
                -0.15327847552886356,
                0.017372169709187597
            ],
            [
                0.1537290164673054,
                0.987701065598349,
                -0.02853018605201292
            ]
        ],
        "t": [
            -132.96158029989215,
            -72.16974255203576,
            1775.8245108572617
        ]
    },
    {
        "scene_id": 14,
        "image_id": 2,
        "category_id": 0,
        "R": [
            [
                0.7740268657258794,
                0.01108138115953298,
                0.6330558018996247
            ],
            [
                0.6313309210909955,
                -0.08930305451134735,
                -0.7703546712552682
            ],
            [
                0.04799722142767568,
                0.9959428432651619,
                -0.0761189640523922
            ]
        ],
        "t": [
            475.84521462440097,
            -347.7136569551916,
            2021.7635270569385
        ]
    },
    {
        "scene_id": 14,
        "image_id": 2,
        "category_id": 0,
        "R": [
            [
                -0.6279236997240604,
                0.09979928708042086,
                0.7718497028668836
            ],
            [
                0.7780877377809685,
                0.058748788051311694,
                0.6254023818413794
            ],
            [
                0.01706946357891856,
                0.993271695455462,
                -0.11454234773410879
            ]
        ],
        "t": [
            287.7632206953897,
            13.104275348186832,
            1915.824767039121
        ]
    },
    {
        "scene_id": 14,
        "image_id": 2,
        "category_id": 0,
        "R": [
            [
                0.9725562056682603,
                0.019604448387109175,
                -0.23184073544612976
            ],
            [
                -0.23266242102903575,
                0.07495703466251147,
                -0.9696647502054433
            ],
            [
                -0.0016316373731974049,
                0.9969940247035642,
                0.07746114812699699
            ]
        ],
        "t": [
            -43.620971118429395,
            -49.08823852385498,
            1784.8500439559707
        ]
    },
    {
        "scene_id": 14,
        "image_id": 2,
        "category_id": 0,
        "R": [
            [
                0.5989691391745801,
                -0.08971628161266443,
                0.7957304778143592
            ],
            [
                0.7840042431751599,
                -0.13658701451057972,
                -0.6055422538072016
            ],
            [
                0.16301343685899156,
                0.9865571227283697,
                -0.011473447678074417
            ]
        ],
        "t": [
            454.1603908089088,
            -92.61774459849715,
            1995.6938195550115
        ]
    },
    {
        "scene_id": 14,
        "image_id": 2,
        "category_id": 0,
        "R": [
            [
                0.9765590878054768,
                0.05600307374837338,
                0.20783656547363827
            ],
            [
                0.2099183493005588,
                -0.03421993149303022,
                -0.9771199362980035
            ],
            [
                -0.047609556090356255,
                0.9978439912905889,
                -0.0451738444061117
            ]
        ],
        "t": [
            -84.37149912510498,
            -258.9359862512831,
            1761.311146397819
        ]
    }
]