[
    {
        "scene_id": 10,
        "image_id": 0,
        "category_id": 0,
        "R": [
            [
                0.7198597420363801,
                0.09766425320765364,
                0.6872144199653751
            ],
            [
                0.6882865571611071,
                -0.22851693492742048,
                -0.6885068712199724
            ],
            [
                0.0897976322564944,
                0.9686287466161025,
                -0.23172113213567105
            ]
        ],
        "t": [
            4.020594946065842,
            390.3965770222905,
            1985.677226608726
        ]
    },
    {
        "scene_id": 10,
        "image_id": 0,
        "category_id": 0,
        "R": [
            [
                0.8983224097702759,
                -0.018503883768340668,
                -0.4389469990302392
            ],
            [
                -0.4390204324445518,
                -0.07572127536877947,
                -0.8952806456006708
            ],
            [
                -0.016671466077339377,
                0.9969572903351684,
                -0.0761457160619244
            ]
        ],
        "t": [
            9.375298226072061,
            295.3467378731694,
            1963.0714232053515
        ]
    },
    {
        "scene_id": 10,
        "image_id": 0,
        "category_id": 0,
        "R": [
            [
                0.3160066547436004,
                0.12502038077905026,
                0.9404837649397573
            ],
            [
                0.8773551775696398,
                -0.4157837534662755,
                -0.23952421334735843
            ],
            [
                0.3610924537294409,
                0.9008294677040104,
                -0.24107769823016226
            ]
        ],
        "t": [
            202.49843828961912,
            394.0612159034062,
            2013.9161724828384
        ]
    },
    {
        "scene_id": 10,
        "image_id": 0,
        "category_id": 0,
        "R": [
            [
                -0.517347801327772,
                0.23411997443783314,
                0.8231276350592227
            ],
            [
                0.7929583143385168,
                -0.23056570187532294,
                0.5639651184910174
            ],
            [
                0.3218204932360189,
                0.9444719386411676,
                -0.06636470342668953
            ]
        ],
        "t": [
            -144.58613519095587,
            435.50600673199153,
            1978.3496030369497
        ]
    },
    {
        "scene_id": 10,
        "image_id": 0,
        "category_id": 0,
        "R": [
            [
                0.6457455064515608,
                0.16601874069086464,
                0.7452855373644904
            ],
            [
                0.7558875251629497,
                -0.2769531003775174,
                -0.593237823750932
            ],
            [
                0.10792055271263327,
                0.9464326206974872,
                -0.3043327050944063
            ]
        ],
        "t": [
            -143.98065151978918,
            338.4846734961503,
            1956.937394508643
        ]
    },
    {
        "scene_id": 10,
        "image_id": 0,
        "category_id": 0,
        "R": [
            [
                0.972516386011606,
                0.09845701093606563,
                0.2109931503724717
            ],
            [
                0.22701921883950438,
                -0.19970476951128632,
                -0.953194820247348
            ],
            [
                -0.05171236515115432,
                0.9748970028608689,
                -0.21656779934136222
            ]
        ],
        "t": [
            -175.70711503791765,
            -1.3361793842658471,
            1866.4256922985148
        ]
    },
    {
        "scene_id": 10,
        "image_id": 0,
        "category_id": 0,
        "R": [
            [
                0.9996543390346312,
                0.025918224480650856,
                0.004411536766963701
            ],
            [
                0.008070775038716657,
                -0.14282708868522007,
                -0.9897147929390614
            ],
            [
                -0.02502156097495418,
                0.9894082127827176,
                -0.14298691049420706
            ]
        ],
        "t": [
            216.66065661144773,
            102.49256534108883,
            1945.018270587591
        ]
    },
    {
        "scene_id": 10,
        "image_id": 0,
        "category_id": 0,
        "R": [
            [
                0.9039615638564175,
                0.13167297241695605,
                0.4068362483515745
            ],
            [
                0.42749827637462984,
                -0.2561685894325913,
                -0.8669619158413283
            ],
            [
                -0.009936774015553205,
                0.9576219651679069,
                -0.28785652495351177
            ]
        ],
        "t": [
            51.64265906798653,
            438.6025370059559,
            2011.6006370785021
        ]
    },
    {
        "scene_id": 10,
        "image_id": 0,
        "category_id": 0,
        "R": [
            [
                -0.6655720630103037,
                0.34461520509021754,
                0.6620077060944802
            ],
            [
                0.6123307963437542,
                -0.25497473610666394,
                0.7483575120427337
            ],
            [
                0.42669059873470216,
                0.9034534842039098,
                -0.041314421688184194
            ]
        ],
        "t": [
            221.80299154383454,
            4.272285785805366,
            1918.975422244193
        ]
    },
    {
        "scene_id": 10,
        "image_id": 0,
        "category_id": 0,
        "R": [
            [
                -0.07469487467249232,
                0.26578038790266395,
                0.9611355131674255
            ],
            [
                0.9562426104088916,
                -0.2543207626371611,
                0.14464130034146805
            ],
            [
                0.2828795375496158,
                0.9298826190363209,
                -0.23515405303345277
            ]
        ],
        "t": [
            55.73384998342908,
            341.6536235443616,
            1982.4774283247355
        ]
    },
    {
        "scene_id": 10,
        "image_id": 0,
        "category_id": 0,
        "R": [
            [
                0.018408208850665003,
                0.14614775770584149,
                0.9890914944190479
            ],
            [
                0.9516266022633751,
                -0.3060233069103318,
                0.02750693597546747
            ],
            [
                0.306705124992181,
                0.9407393458907624,
                -0.14471142320060185
            ]
        ],
        "t": [
            109.63509296288942,
            294.80006776326263,
            1978.4499914147366
        ]
    },
    {
        "scene_id": 10,
        "image_id": 0,
        "category_id": 0,
        "R": [
            [
                0.03852900627691654,
                0.22342177245747688,
                0.9739600817461227
            ],
            [
                0.9417921277438029,
                -0.33388678951294987,
                0.03933555570937675
            ],
            [
                0.3339808200987483,
                0.9157523002980379,
                -0.22328117456071467
            ]
        ],
        "t": [
            161.06567460636984,
            246.87352299704492,
            1972.7621327286663
        ]
    },
    {
        "scene_id": 10,
        "image_id": 0,
        "category_id": 0,
        "R": [
            [
                0.8663467528519294,
                0.06429175268747779,
                0.495287681985863
            ],
            [
                0.49485716538544744,
                -0.24457528114575874,
                -0.8338461511295604
            ],
            [
                0.06752569967616825,
                0.9674964842461468,
                -0.24370223524371024
            ]
        ],
        "t": [
            175.290536461751,
            -43.48043091946636,
            1907.2750223704718
        ]
    },
    {
        "scene_id": 10,
        "image_id": 0,
        "category_id": 0,
        "R": [
            [
                0.28778701027249504,
                0.1618598560816092,
                0.9439173890099176
            ],
            [
                0.9389221938633356,
                -0.24187615499176815,
                -0.2447879195378904
            ],
            [
                0.1886897780574361,
                0.956711690609355,
                -0.2215826151037526
            ]
        ],
        "t": [
            -135.6574912819391,
            240.66688032720282,
            1927.0511602730403
        ]
    },
    {
        "scene_id": 10,
        "image_id": 0,
        "category_id": 0,
        "R": [
            [
                0.6291468230123778,
                0.2012329182570539,
                0.7507859889947481
            ],
            [
                0.7701303495959281,
                -0.29214813924423966,
                -0.5670527271795907
            ],
            [
                0.10523106398651569,
                0.9349624198766316,
                -0.3387796381114002
            ]
        ],
        "t": [
            185.14398367215324,
            -253.66787188940725,
            1989.0044081690842
        ]
    },
    {
        "scene_id": 10,
        "image_id": 0,
        "category_id": 0,
        "R": [
            [
                0.9689495871762152,
                0.1281901402246217,
                -0.21143320228354334
            ],
            [
                -0.20097172623057116,
                -0.08982919495457685,
                -0.9754697160979146
            ],
            [
                -0.14403846741035628,
                0.9876729967993066,
                -0.06127738496170034
            ]
        ],
        "t": [
            58.6708003879217,
            411.86184368615704,
            1880.8815667465199
        ]
    },
    {
        "scene_id": 10,
        "image_id": 0,
        "category_id": 0,
        "R": [
            [
                0.5452404392086926,
                0.05667504342639233,
                0.8363616541136789
            ],
            [
                0.8044808300621179,
                -0.31582625052116065,
                -0.5030551257851774
            ],
            [
                0.23563429441284928,
                0.9471228358911474,
                -0.21779522409424393
            ]
        ],
        "t": [
            161.9325682508001,
            231.76624103982732,
            1850.5130519023892
        ]
    },
    {
        "scene_id": 10,
        "image_id": 0,
        "category_id": 0,
        "R": [
            [
                0.9840385244985186,
                0.16480783737628782,
                0.06713101079061681
            ],
            [
                0.09667013555726482,
                -0.1783402345549453,
                -0.9792087273225545
            ],
            [
                -0.14940909871990302,
                0.9700685969162516,
                -0.19142566469737904
            ]
        ],
        "t": [
            169.24741221194495,
            56.41247083797259,
            2060.5907639250972
        ]
    },
    {
        "scene_id": 10,
        "image_id": 0,
        "category_id": 0,
        "R": [
            [
                0.7710028612286133,
                0.08793334223136728,
                0.6307315822669366
            ],
            [
                0.6115895725704936,
                -0.37832239168248855,
                -0.6948600209460266
            ],
            [
                0.17751851702857643,
                0.9214878440916425,
                -0.3454667508046243
            ]
        ],
        "t": [
            -190.004671888623,
            335.13702201505487,
            2519.525884770237
        ]
    },
    {
        "scene_id": 10,
        "image_id": 0,
        "category_id": 0,
        "R": [
            [
                0.9540795621272958,
                0.20941105630923673,
                0.21419433277768457
            ],
            [
                0.25747954729443095,
                -0.20786413815623533,
                -0.9436614164137738
            ],
            [
                -0.1530897959623812,
                0.9554786530540433,
                -0.25223799186169354
            ]
        ],
        "t": [
            12.266879687525943,
            423.1180909257871,
            2094.5207081703343
        ]
    },
    {
        "scene_id": 10,
        "image_id": 0,
        "category_id": 0,
        "R": [
            [
                0.6102902395449958,
                0.18111270059921009,
                -0.7711964903741537
            ],
            [
                -0.7777633510865795,
                -0.04787875570662711,
                -0.6267311070092089
            ],
            [
                -0.1504328976587097,
                0.9822961679306387,
                0.11164286085092275
            ]
        ],
        "t": [
            -251.91557371285046,
            -57.06222575147194,
            1986.808287539304
        ]
    }
]