[
    {
        "scene_id": 10,
        "image_id": 4,
        "category_id": 0,
        "R": [
            [
                -0.826698200355429,
                0.08872480954894664,
                0.5556060005905324
            ],
            [
                0.5571211720144225,
                -0.008956765014184534,
                0.8303829616804711
            ],
            [
                0.07865198443569615,
                0.9960158953504091,
                -0.04202592721084444
            ]
        ],
        "t": [
            -69.3515163307556,
            115.10662353408634,
            1851.782762467152
        ]
    },
    {
        "scene_id": 10,
        "image_id": 4,
        "category_id": 0,
        "R": [
            [
                -0.06881125085963478,
                0.031102811396994064,
                0.9971447543215298
            ],
            [
                0.9951511468398259,
                -0.06827286566802251,
                0.07080323264039086
            ],
            [
                0.07028009530957989,
                0.9971817338106331,
                -0.026254046582912027
            ]
        ],
        "t": [
            90.48514727173128,
            -431.50263984044045,
            1896.7035960079565
        ]
    },
    {
        "scene_id": 10,
        "image_id": 4,
        "category_id": 0,
        "R": [
            [
                -0.11586114664760666,
                0.03299973535823678,
                0.9927171028829899
            ],
            [
                0.9904378467480673,
                -0.07152210177595798,
                0.11797265650173099
            ],
            [
                0.07489426523621733,
                0.9968929661101231,
                -0.02439754412168017
            ]
        ],
        "t": [
            121.71423120884738,
            20.61554156113374,
            1913.0612224524848
        ]
    },
    {
        "scene_id": 10,
        "image_id": 4,
        "category_id": 0,
        "R": [
            [
                -0.10688773688670013,
                0.04213291925637418,
                0.9933780061038117
            ],
            [
                0.9923377701543649,
                -0.05775504674231526,
                0.10922541598149396
            ],
            [
                0.06197456493134355,
                0.9974413019962125,
                -0.035636770026939046
            ]
        ],
        "t": [
            72.54076325639832,
            69.79610330060035,
            1897.6161727218978
        ]
    },
    {
        "scene_id": 10,
        "image_id": 4,
        "category_id": 0,
        "R": [
            [
                0.10534323949078388,
                0.024351330463121098,
                0.9941377413572389
            ],
            [
                0.9925396727934818,
                -0.06428273207152452,
                -0.10359930156088194
            ],
            [
                0.06138309737949048,
                0.9976345634038798,
                -0.03094140045848077
            ]
        ],
        "t": [
            -149.81001576985506,
            -387.8482202832679,
            1818.710032966883
        ]
    },
    {
        "scene_id": 10,
        "image_id": 4,
        "category_id": 0,
        "R": [
            [
                -0.30950693388766903,
                0.03915541086071864,
                0.9500907040216691
            ],
            [
                0.9498326841482226,
                -0.034534652611603135,
                0.3108461305666393
            ],
            [
                0.04498234619520433,
                0.9986361650309782,
                -0.026502366446736005
            ]
        ],
        "t": [
            140.47797537585848,
            -478.71033770669857,
            1915.8584069684346
        ]
    },
    {
        "scene_id": 10,
        "image_id": 4,
        "category_id": 0,
        "R": [
            [
                -0.5145820942830522,
                0.08092225994489674,
                0.8536140171537058
            ],
            [
                0.8515755728893807,
                -0.06801479560172201,
                0.5198010371602322
            ],
            [
                0.10012183832526092,
                0.9943970816375562,
                -0.033912217936361864
            ]
        ],
        "t": [
            175.0648689693531,
            -126.41461274125835,
            1928.2816860422708
        ]
    },
    {
        "scene_id": 10,
        "image_id": 4,
        "category_id": 0,
        "R": [
            [
                0.9056809283897131,
                -0.06390171946479069,
                0.4191165236461096
            ],
            [
                0.41694297383139506,
                -0.04486619906016506,
                -0.9078246899870047
            ],
            [
                0.07681572338848035,
                0.9969471257079878,
                -0.013991075268478358
            ]
        ],
        "t": [
            -68.85007296895682,
            14.45857793135724,
            1851.5653879861495
        ]
    },
    {
        "scene_id": 10,
        "image_id": 4,
        "category_id": 0,
        "R": [
            [
                0.2589534664700411,
                0.01121313869731271,
                0.9658247262916357
            ],
            [
                0.9636459849088077,
                -0.07111805476240314,
                -0.25754363717906137
            ],
            [
                0.06579969274334213,
                0.9974048660338926,
                -0.02922174962380621
            ]
        ],
        "t": [
            117.80224103461113,
            121.38163240236366,
            1916.783373631586
        ]
    },
    {
        "scene_id": 10,
        "image_id": 4,
        "category_id": 0,
        "R": [
            [
                0.9934780764379629,
                -0.07198375510988601,
                0.08842898184426655
            ],
            [
                0.08553311948471903,
                -0.04236984022308726,
                -0.9954340606520139
            ],
            [
                0.0754018065566508,
                0.9965054503174976,
                -0.03593650038326324
            ]
        ],
        "t": [
            76.94974372468629,
            -29.620986564080937,
            1898.458134012522
        ]
    },
    {
        "scene_id": 10,
        "image_id": 4,
        "category_id": 0,
        "R": [
            [
                0.32356975593485776,
                0.0015917768983985286,
                0.9462029980311683
            ],
            [
                0.9438505487234157,
                -0.07103462179895349,
                -0.32264579832358087
            ],
            [
                0.0666995821780883,
                0.9974725698198825,
                -0.0244870414396995
            ]
        ],
        "t": [
            276.88977712674784,
            -324.2744412152565,
            1959.5239708073364
        ]
    },
    {
        "scene_id": 10,
        "image_id": 4,
        "category_id": 0,
        "R": [
            [
                -0.5854523636025184,
                0.06083291839827922,
                0.8084212516899726
            ],
            [
                0.8099600559901464,
                0.0010985123760192074,
                0.5864840901222066
            ],
            [
                0.034789463227324034,
                0.9981473476576362,
                -0.0499153545180451
            ]
        ],
        "t": [
            -63.43606878037215,
            -84.68224006760748,
            1847.0421397347877
        ]
    },
    {
        "scene_id": 10,
        "image_id": 4,
        "category_id": 0,
        "R": [
            [
                -0.12771760395276918,
                0.060759506636790216,
                0.98994774113911
            ],
            [
                0.990762384074295,
                -0.038061482538568406,
                0.1301587832067424
            ],
            [
                0.045587249240390655,
                0.9974264810257547,
                -0.05533710020913826
            ]
        ],
        "t": [
            220.7057613761116,
            -75.5924815295802,
            1947.3288811791454
        ]
    },
    {
        "scene_id": 10,
        "image_id": 4,
        "category_id": 0,
        "R": [
            [
                0.962702250510914,
                -0.10643175164612168,
                -0.24875026290512434
            ],
            [
                -0.2469465877724206,
                0.030015093612944438,
                -0.9685641764686728
            ],
            [
                0.11055224738454011,
                0.9938668681888315,
                0.00261264598306029
            ]
        ],
        "t": [
            228.02080937723747,
            -275.99244629885595,
            1945.1510977274747
        ]
    },
    {
        "scene_id": 10,
        "image_id": 4,
        "category_id": 0,
        "R": [
            [
                0.4172821251516596,
                0.024366791764108383,
                0.9084502857507658
            ],
            [
                0.9080359480520792,
                -0.051541759120623275,
                -0.41570933488122114
            ],
            [
                0.03669361653791466,
                0.9983735198734384,
                -0.04363336252423471
            ]
        ],
        "t": [
            147.16955778054148,
            66.49441137084284,
            1801.966888197864
        ]
    },
    {
        "scene_id": 10,
        "image_id": 4,
        "category_id": 0,
        "R": [
            [
                -0.46453821077251123,
                0.06587345516424759,
                0.8830996392421447
            ],
            [
                0.8822367746955133,
                -0.0517974026242631,
                0.46794806277161993
            ],
            [
                0.07656760598373887,
                0.9964826624874465,
                -0.03405410518762632
            ]
        ],
        "t": [
            243.10981952286477,
            -118.54117443140046,
            1830.4197957000308
        ]
    },
    {
        "scene_id": 10,
        "image_id": 4,
        "category_id": 0,
        "R": [
            [
                -0.4812370293877941,
                0.05902898592263613,
                0.8746007858214889
            ],
            [
                0.8730744533058001,
                -0.056997691864204426,
                0.48424410074094415
            ],
            [
                0.07843464676844325,
                0.9966277246643581,
                -0.024107293936400428
            ]
        ],
        "t": [
            151.08730380077816,
            -27.404864069750772,
            1800.0409967544822
        ]
    },
    {
        "scene_id": 10,
        "image_id": 4,
        "category_id": 0,
        "R": [
            [
                -0.047977167765564356,
                0.028932147859906,
                0.9984293447139945
            ],
            [
                0.9985450208593676,
                -0.023248279180934875,
                0.04865640582251261
            ],
            [
                0.024619487787705577,
                0.9993109758129364,
                -0.02777465472602689
            ]
        ],
        "t": [
            144.6370714525616,
            -184.0455152170941,
            1537.7809273884025
        ]
    },
    {
        "scene_id": 10,
        "image_id": 4,
        "category_id": 0,
        "R": [
            [
                0.4589266151155245,
                0.02636631962071963,
                0.8880828865150335
            ],
            [
                0.887684337585314,
                -0.055746103895362005,
                -0.45706561421931996
            ],
            [
                0.03745601682611094,
                0.9980967728194536,
                -0.04898832407008437
            ]
        ],
        "t": [
            145.8191983629903,
            -81.88896555534899,
            2059.848311195111
        ]
    },
    {
        "scene_id": 10,
        "image_id": 4,
        "category_id": 0,
        "R": [
            [
                -0.2630595416575932,
                0.07894777653959156,
                0.9615440501167697
            ],
            [
                0.9647730889665729,
                0.017852059980092934,
                0.2624771947347783
            ],
            [
                0.0035564379775602645,
                0.9967188826782927,
                -0.08086283241223846
            ]
        ],
        "t": [
            61.91940169931155,
            125.66348651276132,
            1994.0699108147323
        ]
    },
    {
        "scene_id": 10,
        "image_id": 4,
        "category_id": 0,
        "R": [
            [
                0.3779971476024267,
                0.0023280450364578623,
                0.9258038511495542
            ],
            [
                0.9231845771570973,
                -0.07615870936910213,
                -0.376736213393374
            ],
            [
                0.06963095822679657,
                0.9970929797002639,
                -0.03093697614746143
            ]
        ],
        "t": [
            253.26449735129864,
            -425.2547191634524,
            1756.7289741201546
        ]
    },
    {
        "scene_id": 10,
        "image_id": 4,
        "category_id": 0,
        "R": [
            [
                0.8591937404214937,
                -0.026786240230378445,
                0.5109487723318766
            ],
            [
                0.5088085123972236,
                -0.06037643472905536,
                -0.8587599611282571
            ],
            [
                0.05385221561232825,
                0.9978161962158594,
                -0.03824597295452223
            ]
        ],
        "t": [
            155.00651227697287,
            -296.18854921821463,
            2060.520379855728
        ]
    }
]