[
    {
        "scene_id": 6,
        "image_id": 5,
        "category_id": 1,
        "R": [
            [
                0.06397778097038304,
                0.6781727840754664,
                -0.7321123420432245
            ],
            [
                0.8068504497004275,
                -0.46687440851513556,
                -0.3619676895225577
            ],
            [
                -0.5872811556523783,
                -0.56754729320086,
                -0.5770535903380675
            ]
        ],
        "t": [
            -299.21977442942466,
            -86.97064230819463,
            2085.982518312912
        ]
    },
    {
        "scene_id": 6,
        "image_id": 5,
        "category_id": 1,
        "R": [
            [
                0.06433375456778248,
                0.6773174047375173,
                -0.7328726111360868
            ],
            [
                0.8066903881067842,
                -0.4676213502821676,
                -0.3613597380213343
            ],
            [
                -0.5874621231886761,
                -0.5679536727470064,
                -0.5764692631510456
            ]
        ],
        "t": [
            64.26567556132431,
            -402.2054412456837,
            1891.8731745132895
        ]
    },
    {
        "scene_id": 6,
        "image_id": 5,
        "category_id": 1,
        "R": [
            [
                0.06432722931189265,
                0.6773194634843608,
                -0.732871281225354
            ],
            [
                0.806694598242806,
                -0.46761315419167915,
                -0.3613609455367659
            ],
            [
                -0.58745705643651,
                -0.567957965697277,
                -0.5764701969486644
            ]
        ],
        "t": [
            57.34680040516787,
            -59.37282800536292,
            1918.8434331240667
        ]
    }
]