[
    {
        "scene_id": 10,
        "image_id": 3,
        "category_id": 0,
        "R": [
            [
                0.4016268872292596,
                -0.07055718893620856,
                0.9130813549386305
            ],
            [
                0.9053898287386335,
                -0.119337137252961,
                -0.40746532697196514
            ],
            [
                0.13771410916581844,
                0.99034353145818,
                0.01595276903512835
            ]
        ],
        "t": [
            457.69087757685185,
            -99.23519760831739,
            1994.2435118650214
        ]
    },
    {
        "scene_id": 10,
        "image_id": 3,
        "category_id": 0,
        "R": [
            [
                0.967363256647309,
                -0.08332675258279662,
                -0.23930109942356506
            ],
            [
                -0.23772260221418517,
                0.028523113077439603,
                -0.9709142513179843
            ],
            [
                0.08772874860155737,
                0.9961139793196622,
                0.007783564545497229
            ]
        ],
        "t": [
            422.2241141583145,
            -351.3536243800148,
            1970.5686225127515
        ]
    },
    {
        "scene_id": 10,
        "image_id": 3,
        "category_id": 0,
        "R": [
            [
                0.36280381509434106,
                -0.06069125662024164,
                0.9298870884765824
            ],
            [
                0.9164719437917803,
                -0.1573893504666206,
                -0.3678421612562714
            ],
            [
                0.16867911130822658,
                0.9856698966509087,
                -0.0014796110079611459
            ]
        ],
        "t": [
            448.63691973175065,
            100.33654554628839,
            2006.3279569248034
        ]
    },
    {
        "scene_id": 10,
        "image_id": 3,
        "category_id": 0,
        "R": [
            [
                0.13090405552504272,
                -0.016163993850205127,
                0.9912632787219122
            ],
            [
                0.9679642570517142,
                -0.2140119745201552,
                -0.13131701652025657
            ],
            [
                0.214264796558238,
                0.9766972844051717,
                -0.0123688558768195
            ]
        ],
        "t": [
            467.7742802056405,
            -297.6732573515009,
            1987.9809075390071
        ]
    },
    {
        "scene_id": 10,
        "image_id": 3,
        "category_id": 0,
        "R": [
            [
                0.7254634710317754,
                -0.023367856892751847,
                0.687863888901996
            ],
            [
                0.687437299821198,
                -0.02427130318035433,
                -0.7258381015432726
            ],
            [
                0.0336566323672452,
                0.9994322509215937,
                -0.001543994745750358
            ]
        ],
        "t": [
            302.8655555770934,
            145.8359505850034,
            1969.0251089329122
        ]
    },
    {
        "scene_id": 10,
        "image_id": 3,
        "category_id": 0,
        "R": [
            [
                0.5266014693505674,
                -0.01732892289719143,
                0.8499356652721755
            ],
            [
                0.8467609622584579,
                -0.07799673878851922,
                -0.5262247319624576
            ],
            [
                0.07541111015685847,
                0.9968029874825534,
                -0.026399727556331284
            ]
        ],
        "t": [
            279.0234532024539,
            -405.6827091626835,
            1925.297688877953
        ]
    },
    {
        "scene_id": 10,
        "image_id": 3,
        "category_id": 0,
        "R": [
            [
                0.9533219900190689,
                -0.20059419607222492,
                -0.22569711128153233
            ],
            [
                -0.21874396865885473,
                0.056475459770537216,
                -0.9741466448202519
            ],
            [
                0.20815450691394838,
                0.9780452269941278,
                0.009960532601083991
            ]
        ],
        "t": [
            261.3308914901156,
            -3.588794994925479,
            1943.0455531749544
        ]
    },
    {
        "scene_id": 10,
        "image_id": 3,
        "category_id": 0,
        "R": [
            [
                0.9995086236894573,
                -0.005648867997884937,
                0.03083237994964398
            ],
            [
                0.03128524779507301,
                0.11877869180797908,
                -0.9924278022295933
            ],
            [
                0.0019438727830759213,
                0.9929046727243837,
                0.11889705313829418
            ]
        ],
        "t": [
            352.8274455725923,
            97.85952252021036,
            1978.331208128554
        ]
    },
    {
        "scene_id": 10,
        "image_id": 3,
        "category_id": 0,
        "R": [
            [
                -0.7640991793657477,
                0.06366669675344001,
                0.6419493983249035
            ],
            [
                0.642316987286755,
                -0.017229384632984235,
                0.7662454718584047
            ],
            [
                0.05984469432968149,
                0.997822468565388,
                -0.027729240720651412
            ]
        ],
        "t": [
            111.4336832478824,
            139.47742413751598,
            1909.494659737834
        ]
    },
    {
        "scene_id": 10,
        "image_id": 3,
        "category_id": 0,
        "R": [
            [
                0.37803047808132606,
                -0.014252945466553044,
                0.9256834477183546
            ],
            [
                0.919351537641285,
                -0.1119672087624418,
                -0.3771686378717435
            ],
            [
                0.1090219437248863,
                0.9936096707066254,
                -0.02922353621655592
            ]
        ],
        "t": [
            462.0577200687385,
            -199.60130828043845,
            1990.5888110834067
        ]
    },
    {
        "scene_id": 10,
        "image_id": 3,
        "category_id": 0,
        "R": [
            [
                -0.21641131723985124,
                0.05139338405875209,
                0.9749486632834111
            ],
            [
                0.9629658793857103,
                -0.15325831180002508,
                0.2218303225408681
            ],
            [
                0.16081957541740793,
                0.9868488198330003,
                -0.016323233780723936
            ]
        ],
        "t": [
            402.77394624380366,
            48.6731589001478,
            1988.625605237251
        ]
    },
    {
        "scene_id": 10,
        "image_id": 3,
        "category_id": 0,
        "R": [
            [
                0.8946118175298341,
                -0.18010518270337142,
                0.40893991403623176
            ],
            [
                0.4158137094744501,
                0.0004528386811383538,
                -0.9094497462453329
            ],
            [
                0.1636114218915269,
                0.9836472404569483,
                0.07529532503644946
            ]
        ],
        "t": [
            83.4524612766932,
            -310.5270829291581,
            1873.0071467913795
        ]
    },
    {
        "scene_id": 10,
        "image_id": 3,
        "category_id": 0,
        "R": [
            [
                0.24773948608324634,
                0.0007204808304442586,
                0.9688264355059631
            ],
            [
                0.9664313497429635,
                -0.070460314786221,
                -0.24707463906620114
            ],
            [
                0.0680857922774962,
                0.9975143125306324,
                -0.018152085025318336
            ]
        ],
        "t": [
            120.47504968111203,
            -59.58821105101788,
            1898.2803811875094
        ]
    },
    {
        "scene_id": 10,
        "image_id": 3,
        "category_id": 0,
        "R": [
            [
                0.055536093889392325,
                -0.021025384929213502,
                0.9982352977413169
            ],
            [
                0.9984388985272532,
                -0.004804589318706305,
                -0.05564861925185057
            ],
            [
                0.0059661359093769635,
                0.9997673858615964,
                0.02072574230424
            ]
        ],
        "t": [
            358.3043667348736,
            -3.773820833117611,
            1972.1908604728114
        ]
    },
    {
        "scene_id": 10,
        "image_id": 3,
        "category_id": 0,
        "R": [
            [
                -0.3072998099713717,
                0.11915047853243384,
                0.9441239454910884
            ],
            [
                0.9469966211336766,
                -0.05931388338262355,
                0.3157203664557403
            ],
            [
                0.09361787271107894,
                0.9911029250875586,
                -0.09460794256413949
            ]
        ],
        "t": [
            408.86847479492025,
            -51.934596859964614,
            1983.8023701177058
        ]
    },
    {
        "scene_id": 10,
        "image_id": 3,
        "category_id": 0,
        "R": [
            [
                -0.2705153750849557,
                -0.025742178255038512,
                0.9623714492304625
            ],
            [
                0.9627147878285733,
                -0.00860810317171476,
                0.27038162816923145
            ],
            [
                0.0013239698814375691,
                0.9996315408868028,
                0.027111004634850017
            ]
        ],
        "t": [
            43.09901456088126,
            -461.1085759600694,
            1850.9906961015715
        ]
    },
    {
        "scene_id": 10,
        "image_id": 3,
        "category_id": 0,
        "R": [
            [
                0.9627254984118437,
                -0.10502252475090246,
                0.2492587374501075
            ],
            [
                0.24742101830773555,
                -0.03038848351640651,
                -0.9684314466004343
            ],
            [
                0.109281709578156,
                0.9940054253697046,
                -0.0032709771551391307
            ]
        ],
        "t": [
            115.11447774431612,
            40.27318154059253,
            1901.9291096271947
        ]
    },
    {
        "scene_id": 10,
        "image_id": 3,
        "category_id": 0,
        "R": [
            [
                0.5277907523462391,
                -0.10256523109222807,
                0.8431591364039162
            ],
            [
                0.843576906993251,
                -0.052488297912776545,
                -0.534437150248178
            ],
            [
                0.09907064837012501,
                0.9933404898817547,
                0.05881883029507098
            ]
        ],
        "t": [
            307.12898099077995,
            45.49091208983708,
            1960.7326552507338
        ]
    },
    {
        "scene_id": 10,
        "image_id": 3,
        "category_id": 0,
        "R": [
            [
                0.9882092617958631,
                -0.09167803382088677,
                -0.12262800336065653
            ],
            [
                -0.12355992547163787,
                -0.00453772395209599,
                -0.9923267812944747
            ],
            [
                0.09041811990514968,
                0.9957783503578868,
                -0.015811943448725024
            ]
        ],
        "t": [
            282.0783621031227,
            -504.8820270463726,
            1924.8023856627583
        ]
    },
    {
        "scene_id": 10,
        "image_id": 3,
        "category_id": 0,
        "R": [
            [
                0.9901360647622155,
                0.008448846968504344,
                0.1398542971621005
            ],
            [
                0.14007809353540582,
                -0.03863683248445705,
                -0.9893863804816236
            ],
            [
                -0.00295563883957917,
                0.999217588989286,
                -0.03943920711386247
            ]
        ],
        "t": [
            253.36081865726808,
            148.54209567170807,
            1955.5405677563035
        ]
    },
    {
        "scene_id": 10,
        "image_id": 3,
        "category_id": 0,
        "R": [
            [
                -0.1576855862476982,
                -0.04053452378820224,
                0.9866571048057132
            ],
            [
                0.987175868296172,
                0.018706036837811836,
                0.15853698696201943
            ],
            [
                -0.024882673461140484,
                0.9990030093227364,
                0.03706503648756339
            ]
        ],
        "t": [
            381.029878760096,
            -502.54296799114303,
            1948.4668775244636
        ]
    },
    {
        "scene_id": 10,
        "image_id": 3,
        "category_id": 0,
        "R": [
            [
                -0.5885059913823467,
                0.04497767239718049,
                0.8072408198830271
            ],
            [
                0.8074934657542544,
                0.08232925585638083,
                0.5841029732759382
            ],
            [
                -0.04018795324079889,
                0.9955897146488416,
                -0.0847704282402472
            ]
        ],
        "t": [
            252.81913340248116,
            -476.5355230259501,
            1807.7913632446425
        ]
    },
    {
        "scene_id": 10,
        "image_id": 3,
        "category_id": 0,
        "R": [
            [
                -0.33809155866646357,
                0.02858387135760423,
                0.9406790602800201
            ],
            [
                0.9330189276824855,
                -0.12063194278050558,
                0.33900398517229813
            ],
            [
                0.12316596894233015,
                0.9922856836097689,
                0.014115353409398092
            ]
        ],
        "t": [
            287.44420935080313,
            103.09215215400832,
            2092.9801665450314
        ]
    },
    {
        "scene_id": 10,
        "image_id": 3,
        "category_id": 0,
        "R": [
            [
                -0.37390211983002875,
                -0.0032754000628121152,
                0.9274624039461914
            ],
            [
                0.92465084619586,
                0.0765686583444313,
                0.37303905986382685
            ],
            [
                -0.07223641020426776,
                0.9970589193265772,
                -0.0256005749232351
            ]
        ],
        "t": [
            24.275642416217153,
            64.14684294863642,
            2624.6029563084526
        ]
    },
    {
        "scene_id": 10,
        "image_id": 3,
        "category_id": 0,
        "R": [
            [
                0.7574768297364358,
                -0.0019023359505632475,
                0.6528593016285963
            ],
            [
                0.6509271101736973,
                -0.0747334213879482,
                -0.755452778116571
            ],
            [
                0.05022753217571497,
                0.9972017226683058,
                -0.05537053659829048
            ]
        ],
        "t": [
            140.8053487323265,
            85.10423150732953,
            1797.789215523384
        ]
    },
    {
        "scene_id": 10,
        "image_id": 3,
        "category_id": 0,
        "R": [
            [
                0.9009214505268349,
                -0.05110477407416653,
                -0.43096273184587625
            ],
            [
                -0.424493863051706,
                0.10274606945278264,
                -0.8995822877529976
            ],
            [
                0.09025268182311785,
                0.9933939414612402,
                0.07087247347255887
            ]
        ],
        "t": [
            -22.32177270392299,
            -419.1271441997741,
            2587.703206056014
        ]
    },
    {
        "scene_id": 10,
        "image_id": 3,
        "category_id": 0,
        "R": [
            [
                0.8550684792384003,
                0.013905663364175033,
                0.5183286240715838
            ],
            [
                0.5181175839910771,
                0.01622338102372248,
                -0.8551555753562522
            ],
            [
                -0.020300543299462254,
                0.9997716796657626,
                0.0066673446234923
            ]
        ],
        "t": [
            405.58425705893535,
            -214.20915890666294,
            2103.584410449982
        ]
    },
    {
        "scene_id": 10,
        "image_id": 3,
        "category_id": 0,
        "R": [
            [
                -0.5913928234555051,
                0.036730075369084826,
                0.8055466864939085
            ],
            [
                0.8056881717541585,
                -0.014566175264108356,
                0.5921608594200483
            ],
            [
                0.0334838324721852,
                0.9992190481255385,
                -0.020978651776228197
            ]
        ],
        "t": [
            298.4606522454351,
            -452.0798351812768,
            1736.6503640154908
        ]
    },
    {
        "scene_id": 10,
        "image_id": 3,
        "category_id": 0,
        "R": [
            [
                -0.6327695925301134,
                0.17616836467102892,
                0.7540340736671106
            ],
            [
                0.7572950874494464,
                -0.06240006012266341,
                0.6500849713822776
            ],
            [
                0.16157615388444183,
                0.9823802335543502,
                -0.0939265682429227
            ]
        ],
        "t": [
            414.4754657625193,
            -1.3777333254502366,
            1871.8818926085257
        ]
    },
    {
        "scene_id": 10,
        "image_id": 3,
        "category_id": 0,
        "R": [
            [
                0.24151375166177638,
                -0.0832473810118797,
                0.9668200533219847
            ],
            [
                0.9440243675037808,
                -0.21054329638693892,
                -0.2539480279527337
            ],
            [
                0.22469796732092964,
                0.9740335610767245,
                0.027738463950247587
            ]
        ],
        "t": [
            19.199959056037414,
            171.4682700257486,
            2440.7431421478223
        ]
    },
    {
        "scene_id": 10,
        "image_id": 3,
        "category_id": 0,
        "R": [
            [
                0.7810484498094469,
                0.006125492864926617,
                0.6244404147555078
            ],
            [
                0.6225949380382642,
                -0.08508000511579407,
                -0.7779055359451433
            ],
            [
                0.04836233736703673,
                0.9963552832306851,
                -0.07026528948904913
            ]
        ],
        "t": [
            356.5469498913591,
            -270.368266259221,
            2091.2373284243654
        ]
    },
    {
        "scene_id": 10,
        "image_id": 3,
        "category_id": 0,
        "R": [
            [
                0.9454042659252057,
                -0.06661872124200074,
                0.31901842288982635
            ],
            [
                0.31668729237418536,
                -0.043312257052200424,
                -0.9475406557152178
            ],
            [
                0.07694135530192658,
                0.9968379864971972,
                -0.019850277700770518
            ]
        ],
        "t": [
            47.56501372338808,
            -486.4759141928149,
            2599.3705713221684
        ]
    }
]