[
    {
        "scene_id": 12,
        "image_id": 0,
        "category_id": 0,
        "R": [
            [
                0.6477839928429601,
                -0.12149559239536349,
                0.7520736359144229
            ],
            [
                0.7469937578383813,
                -0.0925433094501636,
                -0.6583586777904419
            ],
            [
                0.14958704968841535,
                0.988268452893885,
                0.03080838497103997
            ]
        ],
        "t": [
            -270.62541569047295,
            -112.48337694174191,
            1734.227249703084
        ]
    },
    {
        "scene_id": 12,
        "image_id": 0,
        "category_id": 0,
        "R": [
            [
                0.978191678505086,
                -0.0746951300115373,
                0.19380844111795062
            ],
            [
                0.19848508981438648,
                0.06125405506321926,
                -0.9781879660142833
            ],
            [
                0.06119432737234374,
                0.9953233412424941,
                0.07474408123460605
            ]
        ],
        "t": [
            213.94563059727653,
            100.08143243304988,
            1826.094383555787
        ]
    },
    {
        "scene_id": 12,
        "image_id": 0,
        "category_id": 0,
        "R": [
            [
                -0.9875171560610573,
                0.1096998784039097,
                0.11303024973810198
            ],
            [
                0.11949176229555586,
                0.0542131365692311,
                0.9913539940718967
            ],
            [
                0.10262367064728203,
                0.9924851896195427,
                -0.06664463679111819
            ]
        ],
        "t": [
            30.27797403735559,
            -134.98901144778694,
            1764.50523236265
        ]
    },
    {
        "scene_id": 12,
        "image_id": 0,
        "category_id": 0,
        "R": [
            [
                0.9529526110755187,
                -0.23016918582831628,
                -0.19723970475563607
            ],
            [
                -0.18368280013828592,
                0.07913113125806903,
                -0.979795376593833
            ],
            [
                0.2411264981087851,
                0.9699280309780272,
                0.033130101677524226
            ]
        ],
        "t": [
            183.84737515414275,
            -347.2273632894236,
            1792.2345352830175
        ]
    },
    {
        "scene_id": 12,
        "image_id": 0,
        "category_id": 0,
        "R": [
            [
                -0.987000934253385,
                0.11294660523351172,
                0.11433395970480026
            ],
            [
                0.13374793709990704,
                0.18280287521231728,
                0.9740095919091881
            ],
            [
                0.08911048356854767,
                0.9766402375291648,
                -0.19553297717121132
            ]
        ],
        "t": [
            194.65385000070643,
            -238.65335783284584,
            1786.7079182985813
        ]
    },
    {
        "scene_id": 12,
        "image_id": 0,
        "category_id": 0,
        "R": [
            [
                -0.36477395073110536,
                0.20445572797787662,
                0.908370989385761
            ],
            [
                0.925154267015153,
                -0.030452917677875793,
                0.37836792811235126
            ],
            [
                0.10502201833902423,
                0.9784019924546105,
                -0.17804463998988404
            ]
        ],
        "t": [
            -290.5166466717673,
            112.62668783953228,
            1790.5113200187222
        ]
    },
    {
        "scene_id": 12,
        "image_id": 0,
        "category_id": 0,
        "R": [
            [
                0.19178322053784805,
                0.04823523789500098,
                0.980251290403615
            ],
            [
                0.9812339027725033,
                -0.02975978103014675,
                -0.1905110770489551
            ],
            [
                0.019982708655630305,
                0.9983925560098638,
                -0.053037462827296156
            ]
        ],
        "t": [
            8.247374734164481,
            -481.4073598299989,
            1755.4822250402606
        ]
    }
]