[
    {
        "scene_id": 14,
        "image_id": 5,
        "category_id": 1,
        "R": [
            [
                0.06429620271862076,
                0.6773976899278925,
                -0.7328017424152015
            ],
            [
                0.8067091611882014,
                -0.46754577291704824,
                -0.3614157459809014
            ],
            [
                -0.5874405438890766,
                -0.5679202111456486,
                -0.576524332948974
            ]
        ],
        "t": [
            -58.00994899339048,
            -433.78376984497896,
            1969.2053165452573
        ]
    },
    {
        "scene_id": 14,
        "image_id": 5,
        "category_id": 1,
        "R": [
            [
                0.06434463074580625,
                0.6772680503908007,
                -0.732917309186012
            ],
            [
                0.8066871035273213,
                -0.46765411016430025,
                -0.3613248015423802
            ],
            [
                -0.5874655313550715,
                -0.5679856226107213,
                -0.5764344258386088
            ]
        ],
        "t": [
            -61.859676831565366,
            -435.0957497073643,
            1994.5097548457297
        ]
    },
    {
        "scene_id": 14,
        "image_id": 5,
        "category_id": 1,
        "R": [
            [
                0.06432309307864266,
                0.6773315639343374,
                -0.7328605037014175
            ],
            [
                0.8066963861931395,
                -0.4676035537638721,
                -0.3613695047604723
            ],
            [
                -0.5874551431669212,
                -0.5679515079025761,
                -0.5764786247143894
            ]
        ],
        "t": [
            21.885248223360577,
            -434.99654019751216,
            1934.957072353502
        ]
    },
    {
        "scene_id": 14,
        "image_id": 5,
        "category_id": 1,
        "R": [
            [
                0.06432943278792073,
                0.6773165540670779,
                -0.7328738195312464
            ],
            [
                0.8066951373609709,
                -0.467615184463347,
                -0.3613572423211922
            ],
            [
                -0.587456163869986,
                -0.5679598323560217,
                -0.5764693831210393
            ]
        ],
        "t": [
            -140.97782756027232,
            -449.43788316871,
            2031.6687707883161
        ]
    }
]