[
    {
        "scene_id": 10,
        "image_id": 5,
        "category_id": 0,
        "R": [
            [
                -0.523859806097118,
                0.057292509778947884,
                0.849875582701214
            ],
            [
                0.8500108515613548,
                -0.029554367310996168,
                0.5259355270337435
            ],
            [
                0.055249685404491086,
                0.9979198798258389,
                -0.03321690406057976
            ]
        ],
        "t": [
            330.9029146730169,
            -454.4131688520762,
            1939.103146760474
        ]
    },
    {
        "scene_id": 10,
        "image_id": 5,
        "category_id": 0,
        "R": [
            [
                0.6908934659732642,
                -0.050571013265356825,
                0.7211857080429245
            ],
            [
                0.7168684407787895,
                -0.08126655023147544,
                -0.6924561166054758
            ],
            [
                0.09362647562185303,
                0.9954086089306997,
                -0.01989375111842256
            ]
        ],
        "t": [
            421.9304396882862,
            -351.1989454461951,
            1970.4150775962426
        ]
    },
    {
        "scene_id": 10,
        "image_id": 5,
        "category_id": 0,
        "R": [
            [
                -0.3842019003094251,
                0.03699836676970742,
                0.9225074822718838
            ],
            [
                0.9210324907815725,
                -0.053838576269062466,
                0.38574686729186425
            ],
            [
                0.06393847752813123,
                0.9978639724760338,
                -0.013391808317621635
            ]
        ],
        "t": [
            36.03568517202781,
            -363.1084427829745,
            1859.8299620522944
        ]
    },
    {
        "scene_id": 10,
        "image_id": 5,
        "category_id": 0,
        "R": [
            [
                0.12195295028677391,
                0.031003266358184397,
                0.9920515659904398
            ],
            [
                0.9906867365603793,
                -0.06478660007487969,
                -0.1197604836728589
            ],
            [
                0.06055867025223668,
                0.9974174016542362,
                -0.03861542876719626
            ]
        ],
        "t": [
            279.49943304271426,
            -405.2495990436602,
            1925.1041171402467
        ]
    },
    {
        "scene_id": 10,
        "image_id": 5,
        "category_id": 0,
        "R": [
            [
                0.8226131575434864,
                -0.0293053181258673,
                0.567845776209074
            ],
            [
                0.5657612637646673,
                -0.057508212837899815,
                -0.8225612955124204
            ],
            [
                0.05676121495834953,
                0.9979148168196423,
                -0.030727184260084625
            ]
        ],
        "t": [
            282.4081838380222,
            -504.81569205694075,
            1924.604140089184
        ]
    },
    {
        "scene_id": 10,
        "image_id": 5,
        "category_id": 0,
        "R": [
            [
                0.3531074777032151,
                -0.0054606581410789655,
                0.935566846673902
            ],
            [
                0.9336346827292098,
                -0.06244168555738323,
                -0.3527426854030492
            ],
            [
                0.06034456909009404,
                0.9980336645158607,
                -0.01695035334895658
            ]
        ],
        "t": [
            228.93739541789373,
            -356.3599093737233,
            1911.7994091836904
        ]
    },
    {
        "scene_id": 10,
        "image_id": 5,
        "category_id": 0,
        "R": [
            [
                0.9068908319452058,
                -0.05920839700682863,
                0.4171851134091717
            ],
            [
                0.41338660207742367,
                -0.06674461945017614,
                -0.9081061391670069
            ],
            [
                0.08161236948892729,
                0.9960117967243703,
                -0.03605411122987497
            ]
        ],
        "t": [
            318.82391474993767,
            -254.2989879731107,
            1947.0018266252987
        ]
    },
    {
        "scene_id": 10,
        "image_id": 5,
        "category_id": 0,
        "R": [
            [
                0.5581751696448936,
                -0.024800616378396763,
                -0.8293524242514487
            ],
            [
                -0.8086579693540503,
                0.20754112469284022,
                -0.5504535013576434
            ],
            [
                0.18577631967051353,
                0.9779118512859953,
                0.09578907645633858
            ]
        ],
        "t": [
            -12.82655032411509,
            -313.4141941190351,
            1845.6102793729083
        ]
    },
    {
        "scene_id": 10,
        "image_id": 5,
        "category_id": 0,
        "R": [
            [
                -0.1677177398190726,
                0.04568511058948453,
                0.9847759464025396
            ],
            [
                0.9839549157497404,
                -0.05390758515984797,
                0.17007875537417738
            ],
            [
                0.06085694565213737,
                0.9975002867876223,
                -0.03591082049725604
            ]
        ],
        "t": [
            306.9626029379939,
            45.66032912788327,
            1960.6088354763524
        ]
    },
    {
        "scene_id": 10,
        "image_id": 5,
        "category_id": 0,
        "R": [
            [
                -0.6918805746500352,
                0.0397745623184722,
                0.7209155906255046
            ],
            [
                0.7213967791953263,
                -0.003128231758924268,
                0.6925149732158477
            ],
            [
                0.02979965630708981,
                0.9992037711330642,
                -0.026528875621178286
            ]
        ],
        "t": [
            236.945540813103,
            -454.8627321300417,
            1904.501244938724
        ]
    },
    {
        "scene_id": 10,
        "image_id": 5,
        "category_id": 0,
        "R": [
            [
                0.7362140018322647,
                -0.1152437857622699,
                0.6668641897282465
            ],
            [
                0.6545278266951474,
                -0.12918340993511324,
                -0.7449194974456886
            ],
            [
                0.1719951218611177,
                0.9849012620816748,
                -0.019676356628820436
            ]
        ],
        "t": [
            -8.597744242166144,
            -220.0596178998767,
            1839.4745211437835
        ]
    },
    {
        "scene_id": 10,
        "image_id": 5,
        "category_id": 0,
        "R": [
            [
                0.9167377182488606,
                -0.08487792502863722,
                0.39036870773067184
            ],
            [
                0.39475329489823824,
                0.04244119716197372,
                -0.917806443617562
            ],
            [
                0.06133379197499239,
                0.9954870456023986,
                0.07241329300658854
            ]
        ],
        "t": [
            81.52589701429892,
            -310.3078920709845,
            1876.284284651777
        ]
    },
    {
        "scene_id": 10,
        "image_id": 5,
        "category_id": 0,
        "R": [
            [
                -0.004667656245594665,
                -0.050324181041314496,
                0.9987220454061795
            ],
            [
                0.9996804000150303,
                0.024581451494080652,
                0.0059107583022197496
            ],
            [
                -0.024847498315172866,
                0.9984303705883546,
                0.050193365284270555
            ]
        ],
        "t": [
            255.26477600293734,
            -475.8895599651518,
            1802.4961466799398
        ]
    },
    {
        "scene_id": 10,
        "image_id": 5,
        "category_id": 0,
        "R": [
            [
                -0.1625236720956179,
                0.08278320060675337,
                0.9832258295521262
            ],
            [
                0.9826125393425309,
                -0.07708035753984066,
                0.1689121162138097
            ],
            [
                0.08977046777084402,
                0.9935821763058814,
                -0.06881641553985325
            ]
        ],
        "t": [
            369.3075133966931,
            -315.04732156799514,
            1562.5557533907402
        ]
    },
    {
        "scene_id": 10,
        "image_id": 5,
        "category_id": 0,
        "R": [
            [
                -0.20665527081375695,
                0.05801024753664227,
                0.9766926048753718
            ],
            [
                0.9720136154107639,
                -0.10181995957070036,
                0.21171281086554597
            ],
            [
                0.1117282958881423,
                0.9931100080815375,
                -0.035345109286886466
            ]
        ],
        "t": [
            325.04997927287025,
            -3.909677180588659,
            1843.4076368853548
        ]
    },
    {
        "scene_id": 10,
        "image_id": 5,
        "category_id": 0,
        "R": [
            [
                -0.5560681145887513,
                0.04971979500491866,
                0.8296482556571723
            ],
            [
                0.8295269213000781,
                -0.028898246452107583,
                0.557718625460797
            ],
            [
                0.05170501955770503,
                0.9983450365429705,
                -0.02517451026005427
            ]
        ],
        "t": [
            27.77834081379227,
            149.67126887222003,
            2023.2930849054615
        ]
    },
    {
        "scene_id": 10,
        "image_id": 5,
        "category_id": 0,
        "R": [
            [
                0.23093027748474068,
                0.03631866712918243,
                0.9722922377307084
            ],
            [
                0.9713909213273708,
                -0.06552221011435969,
                -0.22826871213542219
            ],
            [
                0.055416310835811756,
                0.9971899386471303,
                -0.0504106710782725
            ]
        ],
        "t": [
            373.496629315271,
            -50.33537590883378,
            1855.5450619824155
        ]
    },
    {
        "scene_id": 10,
        "image_id": 5,
        "category_id": 0,
        "R": [
            [
                0.10307728255368476,
                0.027377375779994488,
                0.9942965288631745
            ],
            [
                0.9928250311434631,
                -0.0637436940479948,
                -0.10116959029061624
            ],
            [
                0.06061036400785563,
                0.997590697555477,
                -0.03375145818914068
            ]
        ],
        "t": [
            365.09527425604836,
            -242.45738290913843,
            1539.9526371547556
        ]
    },
    {
        "scene_id": 10,
        "image_id": 5,
        "category_id": 0,
        "R": [
            [
                -0.17346247389544472,
                0.05659110899321749,
                0.98321322749727
            ],
            [
                0.9828138659635651,
                -0.0540677870746614,
                0.17650401203959748
            ],
            [
                0.06314870671731942,
                0.9969323448777999,
                -0.046239783527420336
            ]
        ],
        "t": [
            346.84086707786696,
            -473.4100737952395,
            1823.177206823434
        ]
    },
    {
        "scene_id": 10,
        "image_id": 5,
        "category_id": 0,
        "R": [
            [
                -0.2639432190954638,
                0.03652519940191004,
                0.963846419869257
            ],
            [
                0.9643440609467498,
                -0.010058585118562105,
                0.26446066622017406
            ],
            [
                0.01935439779673408,
                0.9992820986166959,
                -0.03256795471656012
            ]
        ],
        "t": [
            404.9661364685553,
            -214.71479333043408,
            2104.910754261219
        ]
    },
    {
        "scene_id": 10,
        "image_id": 5,
        "category_id": 0,
        "R": [
            [
                0.37728581973210645,
                -0.007351503805968115,
                0.9260677080070722
            ],
            [
                0.9225262753639693,
                -0.08474229887590319,
                -0.3765157381037118
            ],
            [
                0.0812450532005681,
                0.9963757711147301,
                -0.025190098654927894
            ]
        ],
        "t": [
            425.03255043278153,
            -403.2400422701588,
            1779.797209338929
        ]
    },
    {
        "scene_id": 10,
        "image_id": 5,
        "category_id": 0,
        "R": [
            [
                -0.24864110265038308,
                0.05028263936057496,
                0.9672896631538788
            ],
            [
                0.9656036995909988,
                -0.06556630617384086,
                0.25161606035062173
            ],
            [
                0.07607351384926891,
                0.996580501185696,
                -0.03225061474411516
            ]
        ],
        "t": [
            360.84183652156145,
            -166.09433188750728,
            1544.5643034966492
        ]
    }
]