[
    {
        "scene_id": 10,
        "image_id": 4,
        "category_id": 0,
        "R": [
            [
                -0.5892783339851569,
                0.6948288572408546,
                0.4122668188582242
            ],
            [
                0.5554427536475817,
                -0.02214997045852742,
                0.8312597597559865
            ],
            [
                0.5867149586777717,
                0.7188339757057632,
                -0.3728851538335337
            ]
        ],
        "t": [
            -133.4991193304163,
            90.43297921625691,
            2224.4274662307052
        ]
    },
    {
        "scene_id": 10,
        "image_id": 4,
        "category_id": 0,
        "R": [
            [
                -0.0015839671059288962,
                0.6502758606752337,
                0.7596965326771773
            ],
            [
                0.994078896224238,
                -0.08151689211872784,
                0.07184849574908816
            ],
            [
                0.1086494390448197,
                0.7553120883104095,
                -0.6462963824454578
            ]
        ],
        "t": [
            14.78680361273996,
            -456.61305293821863,
            2153.0184827711882
        ]
    },
    {
        "scene_id": 10,
        "image_id": 4,
        "category_id": 0,
        "R": [
            [
                -0.035319640953450956,
                0.6515445498900149,
                0.7577877329186395
            ],
            [
                0.9892714730529967,
                -0.0847606605327636,
                0.11898590248473183
            ],
            [
                0.14175520103022834,
                0.7538603181722604,
                -0.6415607134019111
            ]
        ],
        "t": [
            52.89160935101404,
            -4.730758219563626,
            2150.9965939900003
        ]
    },
    {
        "scene_id": 10,
        "image_id": 4,
        "category_id": 0,
        "R": [
            [
                -0.03644328668279685,
                0.6591010817070517,
                0.7511708704674218
            ],
            [
                0.9913495009462603,
                -0.07099569558912636,
                0.11038949289637848
            ],
            [
                0.12608772876843896,
                0.7486958155380352,
                -0.6508122046831365
            ]
        ],
        "t": [
            5.3204022483259905,
            44.61637567029288,
            2170.4168853106116
        ]
    },
    {
        "scene_id": 10,
        "image_id": 4,
        "category_id": 0,
        "R": [
            [
                0.1282729866187696,
                0.6453398826675503,
                0.7530488048147795
            ],
            [
                0.9917086970832351,
                -0.07753789388079949,
                -0.10247827624674621
            ],
            [
                -0.007743502768057586,
                0.7599502355447988,
                -0.649935183672155
            ]
        ],
        "t": [
            -220.7985202740075,
            -412.0936562664201,
            2243.8372460443866
        ]
    },
    {
        "scene_id": 10,
        "image_id": 4,
        "category_id": 0,
        "R": [
            [
                -0.20506294282371004,
                0.6577173299078677,
                0.7248152379122412
            ],
            [
                0.9489316775799752,
                -0.047795363862898003,
                0.3118402418530509
            ],
            [
                0.23974553417266015,
                0.751747009279508,
                -0.6143277449360824
            ]
        ],
        "t": [
            65.34194548294045,
            -504.0362963495704,
            2135.989979661639
        ]
    },
    {
        "scene_id": 10,
        "image_id": 4,
        "category_id": 0,
        "R": [
            [
                -0.33070217022954257,
                0.6872806842798129,
                0.6467467520689818
            ],
            [
                0.8498050152734031,
                -0.0811867030190083,
                0.5208072745551628
            ],
            [
                0.41044800973175505,
                0.7218407218597831,
                -0.5572059483591859
            ]
        ],
        "t": [
            102.80610960581157,
            -151.9128616950336,
            2127.7202147717317
        ]
    },
    {
        "scene_id": 10,
        "image_id": 4,
        "category_id": 0,
        "R": [
            [
                0.7560235985137976,
                0.576411000389582,
                0.31012691403772785
            ],
            [
                0.41652127711924397,
                -0.05817607837783579,
                -0.9072627136458509
            ],
            [
                -0.5049142358601585,
                0.8150864711090936,
                -0.2840699286361531
            ]
        ],
        "t": [
            -134.0323756790267,
            -10.20287899798069,
            2222.856732157582
        ]
    },
    {
        "scene_id": 10,
        "image_id": 4,
        "category_id": 0,
        "R": [
            [
                0.25030999441438984,
                0.6349224183623898,
                0.7309024935294427
            ],
            [
                0.9628669556748769,
                -0.0843788032551005,
                -0.25645175996887687
            ],
            [
                -0.10115429509039024,
                0.7679542892932869,
                -0.6324666658848357
            ]
        ],
        "t": [
            52.97520974940744,
            95.97408642865543,
            2157.437879982952
        ]
    },
    {
        "scene_id": 10,
        "image_id": 4,
        "category_id": 0,
        "R": [
            [
                0.8208386951711859,
                0.5698662635296863,
                0.03842270020200469
            ],
            [
                0.08522150345017436,
                -0.055679753673172384,
                -0.9948050675087505
            ],
            [
                -0.5647664739013776,
                0.8198489250169428,
                -0.09426895257845634
            ]
        ],
        "t": [
            8.501964037018297,
            -54.799983956016035,
            2167.2277446517855
        ]
    },
    {
        "scene_id": 10,
        "image_id": 4,
        "category_id": 0,
        "R": [
            [
                0.30098328424460047,
                0.6274815250439246,
                0.718105858508562
            ],
            [
                0.9431067995568186,
                -0.08430305354642555,
                -0.3216249706613986
            ],
            [
                -0.14127521108474536,
                0.7740542497029472,
                -0.6171558948632341
            ]
        ],
        "t": [
            200.09748318668062,
            -350.09923386232555,
            2085.8937470488627
        ]
    },
    {
        "scene_id": 10,
        "image_id": 4,
        "category_id": 0,
        "R": [
            [
                -0.42720873295496226,
                0.6745507945534359,
                0.602058094991487
            ],
            [
                0.8090128344423003,
                -0.012143594567857205,
                0.5876655756287833
            ],
            [
                0.4037214237355331,
                0.7381285839102615,
                -0.5405323958341975
            ]
        ],
        "t": [
            -133.438311661929,
            -109.27087536263858,
            2214.8659904142824
        ]
    },
    {
        "scene_id": 10,
        "image_id": 4,
        "category_id": 0,
        "R": [
            [
                -0.06295593086656646,
                0.6737346134641442,
                0.7362867967575396
            ],
            [
                0.9899776947831719,
                -0.0512905679855583,
                0.1315807866978251
            ],
            [
                0.1264150945980231,
                0.7371912887873446,
                -0.6637531867407481
            ]
        ],
        "t": [
            150.67467210982386,
            -101.31661663338758,
            2114.401191846923
        ]
    },
    {
        "scene_id": 10,
        "image_id": 4,
        "category_id": 0,
        "R": [
            [
                0.8163886037361164,
                0.5419782297158183,
                -0.1994223455241066
            ],
            [
                -0.24771817287507775,
                0.016709611950595372,
                -0.9686880600360449
            ],
            [
                -0.5216755632019102,
                0.8402264226124139,
                0.14789939424009302
            ]
        ],
        "t": [
            153.42985315511964,
            -301.66464269834876,
            2105.9469046785957
        ]
    },
    {
        "scene_id": 10,
        "image_id": 4,
        "category_id": 0,
        "R": [
            [
                0.3547432578422431,
                0.6459158496283847,
                0.6759807407794602
            ],
            [
                0.9077607311375144,
                -0.06480787704118803,
                -0.41445199485417095
            ],
            [
                -0.2238922352713996,
                0.7606528142437365,
                -0.6093271932902151
            ]
        ],
        "t": [
            3.240735036387605,
            42.64057013631313,
            2049.0871030403896
        ]
    },
    {
        "scene_id": 10,
        "image_id": 4,
        "category_id": 0,
        "R": [
            [
                -0.3063364511541541,
                0.6770121087596986,
                0.669188022141355
            ],
            [
                0.8808122260216351,
                -0.06500910516298623,
                0.46898155688387355
            ],
            [
                0.36100950099343676,
                0.7330951294058854,
                -0.5764058784819158
            ]
        ],
        "t": [
            94.30209985096326,
            -142.689716976947,
            2008.9276542660207
        ]
    },
    {
        "scene_id": 10,
        "image_id": 4,
        "category_id": 0,
        "R": [
            [
                -0.31822421742057944,
                0.6717385648491088,
                0.6689549115089551
            ],
            [
                0.8716141109665728,
                -0.07021568256746756,
                0.4851377757359639
            ],
            [
                0.3728568725246053,
                0.7374531216626862,
                -0.5631524760451662
            ]
        ],
        "t": [
            4.344032189452037,
            -51.22197240026813,
            2044.1134379460557
        ]
    },
    {
        "scene_id": 10,
        "image_id": 4,
        "category_id": 0,
        "R": [
            [
                -0.01404392440522301,
                0.6502773063664296,
                0.7595671258700943
            ],
            [
                0.9980948586962523,
                -0.0365261730216556,
                0.049724779426391204
            ],
            [
                0.06007897275058599,
                0.7588183660463463,
                -0.6485254580189274
            ]
        ],
        "t": [
            -166.69850016462942,
            -204.36269919752488,
            1842.4934545212805
        ]
    },
    {
        "scene_id": 10,
        "image_id": 4,
        "category_id": 0,
        "R": [
            [
                0.387456919076519,
                0.6472644385075214,
                0.6564494711656861
            ],
            [
                0.8874301048063167,
                -0.06900675701590547,
                -0.45574766980216175
            ],
            [
                -0.24968980971191135,
                0.7591356029273268,
                -0.6011390859101284
            ]
        ],
        "t": [
            163.07978353056183,
            -109.16284912867104,
            2248.91073220174
        ]
    },
    {
        "scene_id": 10,
        "image_id": 4,
        "category_id": 0,
        "R": [
            [
                -0.19484800336139227,
                0.6878749758559258,
                0.6991868840787298
            ],
            [
                0.9644548185982217,
                0.0046402321859954155,
                0.2642071783438788
            ],
            [
                0.17849711250384936,
                0.7258143927418158,
                -0.664328468027142
            ]
        ],
        "t": [
            58.10539268461207,
            99.18756577553529,
            2252.7153186417027
        ]
    },
    {
        "scene_id": 10,
        "image_id": 4,
        "category_id": 0,
        "R": [
            [
                0.34500077469005863,
                0.6277756580803714,
                0.6977622906659903
            ],
            [
                0.9224419729564752,
                -0.08942111532601649,
                -0.3756390989001529
            ],
            [
                -0.17342240046776874,
                0.7732409959799851,
                -0.6099369626990553
            ]
        ],
        "t": [
            53.49727275477062,
            -448.3880761480182,
            1941.9192162147888
        ]
    },
    {
        "scene_id": 10,
        "image_id": 4,
        "category_id": 0,
        "R": [
            [
                0.7061510930594538,
                0.6057065899941407,
                0.3667017675155689
            ],
            [
                0.5086515543130036,
                -0.07367036876223379,
                -0.8578148605741822
            ],
            [
                -0.4925690551175244,
                0.7922703169933406,
                -0.36011600362462604
            ]
        ],
        "t": [
            168.97349181964069,
            -323.4458710858613,
            2241.346373878683
        ]
    }
]