[
    {
        "scene_id": 6,
        "image_id": 2,
        "category_id": 1,
        "R": [
            [
                0.3179715790079678,
                0.8720176398290295,
                -0.37212811007716506
            ],
            [
                0.8987226345839436,
                -0.4022387956551786,
                -0.17464703590171396
            ],
            [
                -0.30197965436141255,
                -0.27890716905935564,
                -0.9116024411195586
            ]
        ],
        "t": [
            4.789116125061639,
            229.22712327080262,
            1770.120384504046
        ]
    },
    {
        "scene_id": 6,
        "image_id": 2,
        "category_id": 1,
        "R": [
            [
                0.3180608598993264,
                0.8718917448609719,
                -0.37234673918648137
            ],
            [
                0.8986894252119471,
                -0.40236721417347254,
                -0.17452206669469408
            ],
            [
                -0.3019844648865446,
                -0.27911544574379393,
                -0.9115370986254543
            ]
        ],
        "t": [
            -135.03906445934237,
            127.83205763293284,
            1741.5234865827288
        ]
    },
    {
        "scene_id": 6,
        "image_id": 2,
        "category_id": 1,
        "R": [
            [
                0.3179496546056897,
                0.8720445378324446,
                -0.37208380872074354
            ],
            [
                0.8987310188980663,
                -0.40220892306014777,
                -0.17467268725856153
            ],
            [
                -0.3019777863099781,
                -0.27886614728971737,
                -0.9116156096333559
            ]
        ],
        "t": [
            -58.895786620452895,
            -97.12043448065947,
            1744.8006257918191
        ]
    }
]