[
    {
        "scene_id": 12,
        "image_id": 5,
        "category_id": 0,
        "R": [
            [
                -0.7232049185174846,
                0.3614550824950802,
                0.5884937406109209
            ],
            [
                0.40283897219650827,
                -0.4713605386184358,
                0.7845636310379349
            ],
            [
                0.5609772045972169,
                0.8044684183449533,
                0.19528206885439847
            ]
        ],
        "t": [
            130.47963900452436,
            369.6640877289319,
            1732.965789506818
        ]
    },
    {
        "scene_id": 12,
        "image_id": 5,
        "category_id": 0,
        "R": [
            [
                0.3970115984283016,
                0.1642611377863207,
                0.9029950624971262
            ],
            [
                0.8877709867807904,
                -0.31839054274636575,
                -0.33240069698237096
            ],
            [
                0.23290457363894151,
                0.933619671138586,
                -0.27223099722355965
            ]
        ],
        "t": [
            -5.205905720031296,
            259.9957451704288,
            1715.8252357963054
        ]
    },
    {
        "scene_id": 12,
        "image_id": 5,
        "category_id": 0,
        "R": [
            [
                -0.7928254783754868,
                0.20185270223835355,
                -0.575050659512182
            ],
            [
                -0.5777905909989329,
                0.05120600008785612,
                0.814577230557383
            ],
            [
                0.19387063130034807,
                0.9780763692706622,
                0.07603118308770314
            ]
        ],
        "t": [
            166.49916911165025,
            176.32196339907296,
            1684.088681860347
        ]
    },
    {
        "scene_id": 12,
        "image_id": 5,
        "category_id": 0,
        "R": [
            [
                0.5794245041797709,
                0.20405993818560772,
                0.789067043508568
            ],
            [
                0.7876905977065349,
                -0.3888409906170875,
                -0.47785593261470866
            ],
            [
                0.20931036064428657,
                0.8984220504845634,
                -0.38604007400561824
            ]
        ],
        "t": [
            -144.6204076412808,
            213.5246051080199,
            1727.3349620068066
        ]
    },
    {
        "scene_id": 12,
        "image_id": 5,
        "category_id": 0,
        "R": [
            [
                0.9690753567430829,
                0.05673522298089696,
                -0.24015428581271286
            ],
            [
                -0.23039956807311934,
                -0.14048534575825325,
                -0.9629018603644574
            ],
            [
                -0.08836860792805915,
                0.988455828787387,
                -0.12306912804309812
            ]
        ],
        "t": [
            170.10615567272498,
            79.98134892802148,
            1683.001187444428
        ]
    },
    {
        "scene_id": 12,
        "image_id": 5,
        "category_id": 0,
        "R": [
            [
                0.6970743148469075,
                0.18990218309326473,
                0.6913932122929517
            ],
            [
                0.7137554917343557,
                -0.27540614002769875,
                -0.6439756533352179
            ],
            [
                0.06812156441534828,
                0.9423845112719145,
                -0.3275222618152727
            ]
        ],
        "t": [
            10.190025924781366,
            -85.80316642087621,
            1672.0576217096655
        ]
    }
]