[
    {
        "scene_id": 14,
        "image_id": 0,
        "category_id": 0,
        "R": [
            [
                -0.35696371509939323,
                0.2577090174579527,
                0.8978657928615704
            ],
            [
                0.7816037755007836,
                -0.4439629308748196,
                0.4381695335899002
            ],
            [
                0.5115393473682356,
                0.8581858425173043,
                -0.042947670543776795
            ]
        ],
        "t": [
            298.957177968638,
            -96.5388049469608,
            1887.6778185253336
        ]
    },
    {
        "scene_id": 14,
        "image_id": 0,
        "category_id": 0,
        "R": [
            [
                -0.3709998701663901,
                0.3205391565924271,
                0.8715582361467179
            ],
            [
                0.8655248654391201,
                -0.22072347215712967,
                0.4496086544762275
            ],
            [
                0.33649053271029933,
                0.9211600021003657,
                -0.19554620562666492
            ]
        ],
        "t": [
            218.9601482630461,
            340.57131174796655,
            1953.5284401534016
        ]
    },
    {
        "scene_id": 14,
        "image_id": 0,
        "category_id": 0,
        "R": [
            [
                -0.13035322871130198,
                0.19442228265728037,
                0.9722180955621593
            ],
            [
                0.9291468684908936,
                -0.3182160709120677,
                0.18821454519053946
            ],
            [
                0.34596851843029425,
                0.9278676945059566,
                -0.13916634778401063
            ]
        ],
        "t": [
            -219.05995103443638,
            266.26401948434966,
            1870.0642956575057
        ]
    },
    {
        "scene_id": 14,
        "image_id": 0,
        "category_id": 0,
        "R": [
            [
                -0.10562656499570239,
                0.23338994947721306,
                0.9666292845852916
            ],
            [
                0.9282133341234257,
                -0.32558497511046647,
                0.18004031874060886
            ],
            [
                0.35673956610183877,
                0.91625515413163,
                -0.18224522246930627
            ]
        ],
        "t": [
            192.54414900818836,
            268.7721174553313,
            1946.1886020665092
        ]
    },
    {
        "scene_id": 14,
        "image_id": 0,
        "category_id": 0,
        "R": [
            [
                0.9112683567780911,
                0.15599119641526782,
                0.38112562514678966
            ],
            [
                0.4117058926797345,
                -0.3239772234945318,
                -0.8517846574246255
            ],
            [
                -0.009394875813643021,
                0.9331159921551764,
                -0.35945267852792434
            ]
        ],
        "t": [
            -85.86087221628623,
            538.5610113139556,
            2134.6747432214497
        ]
    },
    {
        "scene_id": 14,
        "image_id": 0,
        "category_id": 0,
        "R": [
            [
                -0.02512248224752053,
                0.15743917816427844,
                0.987209086076663
            ],
            [
                0.9692130189469788,
                -0.2381227150397828,
                0.06264010313046768
            ],
            [
                0.24493891737979057,
                0.958389494862607,
                -0.14660985470972135
            ]
        ],
        "t": [
            397.2315355628475,
            229.75076104596383,
            1973.365059476044
        ]
    },
    {
        "scene_id": 14,
        "image_id": 0,
        "category_id": 0,
        "R": [
            [
                0.5173270384722259,
                0.04321117676524266,
                0.8546961700135078
            ],
            [
                0.7561179452018024,
                -0.49084802138785794,
                -0.4328440352804441
            ],
            [
                0.4008222103006835,
                0.8701729570969704,
                -0.28660168714608186
            ]
        ],
        "t": [
            507.10550346509035,
            -55.3439348621348,
            1991.6153885890956
        ]
    }
]