[
    {
        "scene_id": 13,
        "image_id": 5,
        "category_id": 1,
        "R": [
            [
                0.3179468808465585,
                0.8720504924138301,
                -0.37207221504484944
            ],
            [
                0.8987321089900818,
                -0.40220396687278515,
                -0.17467870888137568
            ],
            [
                -0.30197753151561857,
                -0.27885468349924764,
                -0.9116192091868514
            ]
        ],
        "t": [
            405.7048319964912,
            315.45416882277976,
            1742.3366970366594
        ]
    },
    {
        "scene_id": 13,
        "image_id": 5,
        "category_id": 1,
        "R": [
            [
                0.3179120239128338,
                0.8721040524730598,
                -0.37197645124302253
            ],
            [
                0.8987451476539221,
                -0.40215166311976586,
                -0.17473203899962275
            ],
            [
                -0.3019754243843141,
                -0.2787626020557777,
                -0.9116480688133979
            ]
        ],
        "t": [
            439.860546555136,
            349.05087054735213,
            1746.4853834883356
        ]
    },
    {
        "scene_id": 13,
        "image_id": 5,
        "category_id": 1,
        "R": [
            [
                0.3180732745264407,
                0.8718438022216397,
                -0.37244837243218354
            ],
            [
                0.8986876008519168,
                -0.40239679106669224,
                -0.17446347654648064
            ],
            [
                -0.30197688721406735,
                -0.2792225525826329,
                -0.9115068141961056
            ]
        ],
        "t": [
            -25.287720226090812,
            197.11716245250523,
            1774.764819544985
        ]
    }
]