[
    {
        "scene_id": 8,
        "image_id": 1,
        "category_id": 14,
        "R": [
            [
                0.8370812833687818,
                0.07146594588301909,
                -0.5423905821571009
            ],
            [
                0.5395202501275518,
                0.05639365331661763,
                0.840081933842116
            ],
            [
                0.09062463647362849,
                -0.9958475658677138,
                0.008648746693719584
            ]
        ],
        "t": [
            264.63132235338503,
            -47.126154838681344,
            1647.4630460138214
        ]
    },
    {
        "scene_id": 8,
        "image_id": 1,
        "category_id": 14,
        "R": [
            [
                0.9734961388548148,
                0.22561406043027224,
                -0.03746416115345304
            ],
            [
                0.21610219128224142,
                -0.8538076692911086,
                0.47361620198500076
            ],
            [
                0.07486728629902382,
                -0.46915963125129295,
                -0.8799341622225897
            ]
        ],
        "t": [
            -87.24697261170294,
            -246.49177807289198,
            1614.1678796529848
        ]
    },
    {
        "scene_id": 8,
        "image_id": 1,
        "category_id": 14,
        "R": [
            [
                0.9846275936286278,
                -0.17404156108914542,
                -0.014766071879528343
            ],
            [
                -0.15344576639561122,
                -0.8215174374134391,
                -0.5491479735016058
            ],
            [
                0.08344398504602737,
                0.5429720389111308,
                -0.835594678250363
            ]
        ],
        "t": [
            48.8147830007011,
            20.835667894135014,
            1600.0672783682267
        ]
    },
    {
        "scene_id": 8,
        "image_id": 1,
        "category_id": 14,
        "R": [
            [
                0.9817659764307839,
                -0.1878719087917633,
                0.028977808920781233
            ],
            [
                -0.16039354800874372,
                -0.9005117341599651,
                -0.4041689329938405
            ],
            [
                0.1020268458792919,
                0.3921514535573622,
                -0.9142252239972224
            ]
        ],
        "t": [
            239.42532917025818,
            -450.9472926074507,
            1730.1174038167262
        ]
    }
]