[
    {
        "scene_id": 14,
        "image_id": 3,
        "category_id": 14,
        "R": [
            [
                0.846697382671621,
                -0.5156049951510346,
                -0.1313584072388523
            ],
            [
                -0.195568992175818,
                -0.5311763218903072,
                0.8243812736606887
            ],
            [
                -0.49482957821492585,
                -0.6723118354144793,
                -0.550581950744167
            ]
        ],
        "t": [
            -309.0626651113589,
            -173.6433748075472,
            2083.9518606608276
        ]
    },
    {
        "scene_id": 14,
        "image_id": 3,
        "category_id": 14,
        "R": [
            [
                0.8412749374103601,
                -0.5130959484747613,
                -0.17026164378385072
            ],
            [
                0.0698824850661002,
                -0.20908809086704566,
                0.9753966416481862
            ],
            [
                -0.5360717470322236,
                -0.832475055431908,
                -0.14004415060066158
            ]
        ],
        "t": [
            -242.3801725129265,
            -322.1309343095604,
            2039.8698770947528
        ]
    },
    {
        "scene_id": 14,
        "image_id": 3,
        "category_id": 14,
        "R": [
            [
                0.7831155261341823,
                -0.1123571689783705,
                -0.6116420025691091
            ],
            [
                0.31480599343474885,
                -0.7765874224995015,
                0.5457189402184441
            ],
            [
                -0.5363089214483984,
                -0.6199095432357424,
                -0.5727869577601339
            ]
        ],
        "t": [
            -72.70711397561809,
            -180.55914070374558,
            1923.2564938308694
        ]
    },
    {
        "scene_id": 14,
        "image_id": 3,
        "category_id": 14,
        "R": [
            [
                0.679951775747795,
                -0.46913041593266047,
                0.5635443509647386
            ],
            [
                0.573538858383559,
                0.8191157641042036,
                -0.010126347815022361
            ],
            [
                -0.4568574838847493,
                0.33010001187948457,
                0.8260237415326878
            ]
        ],
        "t": [
            -167.9075057944092,
            -81.39704850152664,
            2015.7646026957095
        ]
    },
    {
        "scene_id": 14,
        "image_id": 3,
        "category_id": 14,
        "R": [
            [
                0.584524516743638,
                -0.7261101525132013,
                0.3620706225902234
            ],
            [
                0.7261812376424257,
                0.6672266069758395,
                0.1657391475772191
            ],
            [
                -0.36192803072120694,
                0.16605029768345572,
                0.9172978792178171
            ]
        ],
        "t": [
            -148.10345442160678,
            -209.731306900912,
            1973.9948525591917
        ]
    },
    {
        "scene_id": 14,
        "image_id": 3,
        "category_id": 14,
        "R": [
            [
                0.7084504800852092,
                -0.5440340004600014,
                0.4495830552973765
            ],
            [
                0.509380099038837,
                0.8350688857457564,
                0.20782654008216944
            ],
            [
                -0.48849752504001653,
                0.0817738491379,
                0.868725046045612
            ]
        ],
        "t": [
            -108.3426493911877,
            -329.27195686780647,
            1973.4776511669425
        ]
    },
    {
        "scene_id": 14,
        "image_id": 3,
        "category_id": 14,
        "R": [
            [
                0.7753525517414168,
                0.49915253365993584,
                -0.38687875187058274
            ],
            [
                -0.34520519360960045,
                -0.17800207057077871,
                -0.921492613740052
            ],
            [
                -0.5288305917900659,
                0.8480342039171426,
                0.034295687390491686
            ]
        ],
        "t": [
            128.83997032134312,
            -275.78394518748973,
            1826.6955366622658
        ]
    }
]