[
    {
        "scene_id": 14,
        "image_id": 5,
        "category_id": 14,
        "R": [
            [
                0.8170075327739693,
                -0.021225947068946194,
                -0.5762361933804726
            ],
            [
                -0.1925257111298395,
                -0.9520171729814046,
                -0.23790156137033516
            ],
            [
                -0.5435370658423772,
                0.30530765060758,
                -0.7818917422098399
            ]
        ],
        "t": [
            -241.42760370990106,
            -321.9793265560587,
            2039.9876304446573
        ]
    },
    {
        "scene_id": 14,
        "image_id": 5,
        "category_id": 14,
        "R": [
            [
                0.8007387086578965,
                -0.23486323978473622,
                -0.5510506138774377
            ],
            [
                0.2343258841488492,
                -0.7238067130517297,
                0.648995548643526
            ],
            [
                -0.5512793307160572,
                -0.648801279853137,
                -0.524545516410337
            ]
        ],
        "t": [
            -72.37212944271391,
            -180.50599678160143,
            1923.8154595639458
        ]
    },
    {
        "scene_id": 14,
        "image_id": 5,
        "category_id": 14,
        "R": [
            [
                0.6263614552637479,
                -0.7613258873498457,
                -0.1674939420123884
            ],
            [
                0.6804101598578558,
                0.4290924912924423,
                0.5940720901360806
            ],
            [
                -0.3804120683181417,
                -0.48606843876908357,
                0.7867808660043142
            ]
        ],
        "t": [
            -166.95963440153218,
            -82.55028437326177,
            2017.1199736396
        ]
    },
    {
        "scene_id": 14,
        "image_id": 5,
        "category_id": 14,
        "R": [
            [
                0.7724519951212038,
                0.4610140755437121,
                -0.43678820655307155
            ],
            [
                -0.3447127949770657,
                -0.27327492587629765,
                -0.8980500564369467
            ],
            [
                -0.5333769813296891,
                0.8442670413073579,
                -0.05217431120530407
            ]
        ],
        "t": [
            -307.5838642913575,
            -173.23345135759052,
            2087.328451537459
        ]
    },
    {
        "scene_id": 14,
        "image_id": 5,
        "category_id": 14,
        "R": [
            [
                0.6544786749643597,
                -0.7520785330353829,
                -0.07768876472336386
            ],
            [
                0.6317900630230517,
                0.4875519863749274,
                0.6026063199529117
            ],
            [
                -0.4153299655481459,
                -0.4434759753686878,
                0.7942481218036133
            ]
        ],
        "t": [
            -109.23135040184707,
            -329.1382838744446,
            1972.9831864833523
        ]
    },
    {
        "scene_id": 14,
        "image_id": 5,
        "category_id": 14,
        "R": [
            [
                0.5723381992054659,
                -0.818273208392333,
                0.05345972463043719
            ],
            [
                0.7527594027064076,
                0.5501345381829574,
                0.36153184027871854
            ],
            [
                -0.325241859801805,
                -0.16667617203890286,
                0.9308258625044329
            ]
        ],
        "t": [
            -146.00156638121712,
            -209.93194466389855,
            1977.604404465488
        ]
    },
    {
        "scene_id": 14,
        "image_id": 5,
        "category_id": 14,
        "R": [
            [
                0.7381844159486222,
                -0.6629686847922464,
                -0.12472486133658964
            ],
            [
                0.4532648062840296,
                0.3505021288800548,
                0.8195726160840481
            ],
            [
                -0.49963464995423773,
                -0.6615291230440185,
                0.5592355817808075
            ]
        ],
        "t": [
            61.17132201181198,
            -136.95924522794843,
            1878.0165536657964
        ]
    }
]