[
    {
        "scene_id": 14,
        "image_id": 3,
        "category_id": 14,
        "R": [
            [
                0.982961350817492,
                -0.1324270887828766,
                0.12747567985911334
            ],
            [
                -0.16586986546949362,
                -0.3401929299985713,
                0.9256111268281724
            ],
            [
                -0.0792096618360612,
                -0.9309843374275848,
                -0.35636216541088883
            ]
        ],
        "t": [
            -230.04222437587336,
            221.97423916802546,
            1720.0445467450454
        ]
    },
    {
        "scene_id": 14,
        "image_id": 3,
        "category_id": 14,
        "R": [
            [
                0.9929906202373838,
                -0.06073800243407957,
                -0.10139291484562814
            ],
            [
                0.10193327361846302,
                0.005857117018430959,
                0.9947739953927501
            ],
            [
                -0.059826715186433295,
                -0.998136558413001,
                0.01200728568208681
            ]
        ],
        "t": [
            -148.00174212337257,
            80.00963694689216,
            1680.6270019130507
        ]
    },
    {
        "scene_id": 14,
        "image_id": 3,
        "category_id": 14,
        "R": [
            [
                0.9375836825154279,
                0.20358931208895292,
                -0.2819365713843379
            ],
            [
                0.3461122036434924,
                -0.6251125935465238,
                0.6996003058022375
            ],
            [
                -0.03381095635817937,
                -0.7535155190125051,
                -0.6565601128894899
            ]
        ],
        "t": [
            54.099840209711545,
            226.70054332318182,
            1688.8079912124995
        ]
    },
    {
        "scene_id": 14,
        "image_id": 3,
        "category_id": 14,
        "R": [
            [
                0.804911006073213,
                -0.582725201081363,
                0.11202505222892578
            ],
            [
                0.5918255943798884,
                0.7746223239474496,
                -0.2229410708665983
            ],
            [
                0.04313627405212807,
                0.2457470147670952,
                0.9683737225854285
            ]
        ],
        "t": [
            -74.95768601826808,
            313.3553887438212,
            1746.158471649331
        ]
    },
    {
        "scene_id": 14,
        "image_id": 3,
        "category_id": 14,
        "R": [
            [
                0.6736220745744975,
                -0.7305909927194321,
                -0.11166961092072075
            ],
            [
                0.7302259942148204,
                0.6812271444206477,
                -0.05195743524719637
            ],
            [
                0.11403200436249217,
                -0.04654437733737899,
                0.9923861763040375
            ]
        ],
        "t": [
            -35.76843169462461,
            194.665412838323,
            1691.5371701253
        ]
    },
    {
        "scene_id": 14,
        "image_id": 3,
        "category_id": 14,
        "R": [
            [
                0.8459699445053763,
                -0.5330881786100959,
                -0.012322614160145224
            ],
            [
                0.5330163424088397,
                0.846059237744076,
                -0.008794597945051018
            ],
            [
                0.015113957743482091,
                0.0008718108069657384,
                0.9998853975467615
            ]
        ],
        "t": [
            1.623227204578086,
            74.62870593513867,
            1683.5240982098571
        ]
    },
    {
        "scene_id": 14,
        "image_id": 3,
        "category_id": 14,
        "R": [
            [
                0.9383184031407873,
                0.04764548358982107,
                -0.3424740606539645
            ],
            [
                -0.29900381409269006,
                -0.38561955319684726,
                -0.8728655562858965
            ],
            [
                -0.17365279578903148,
                0.9214268652941242,
                -0.3475877420578825
            ]
        ],
        "t": [
            278.97594327687773,
            135.4830131895555,
            1677.7125512730277
        ]
    }
]