[
    {
        "scene_id": 8,
        "image_id": 3,
        "category_id": 14,
        "R": [
            [
                0.8271138271333789,
                -0.5500183952649613,
                -0.11559620164577954
            ],
            [
                0.5576801307266733,
                0.8287118760038935,
                0.047217564134414726
            ],
            [
                0.06982541627126715,
                -0.10352000502445678,
                0.9921733819259017
            ]
        ],
        "t": [
            247.71465794113502,
            -188.70717277422543,
            1689.5722450012406
        ]
    },
    {
        "scene_id": 8,
        "image_id": 3,
        "category_id": 14,
        "R": [
            [
                0.735168584683167,
                -0.6549194849372368,
                -0.17495033679445568
            ],
            [
                0.673126884833971,
                0.7358009061861218,
                0.07414326246798009
            ],
            [
                0.08017074908383189,
                -0.17227157253948336,
                0.981781623522314
            ]
        ],
        "t": [
            261.27690623799845,
            -45.13222432373945,
            1657.7947380869746
        ]
    },
    {
        "scene_id": 8,
        "image_id": 3,
        "category_id": 14,
        "R": [
            [
                0.9896645270721781,
                0.026232085294162787,
                0.14098227390747511
            ],
            [
                -0.05287309642820338,
                -0.8471124715824178,
                0.5287767923837262
            ],
            [
                0.13329876041845423,
                -0.5307658035241606,
                -0.8369701919902854
            ]
        ],
        "t": [
            49.35678175829618,
            19.6530070026069,
            1595.623033841761
        ]
    },
    {
        "scene_id": 8,
        "image_id": 3,
        "category_id": 14,
        "R": [
            [
                0.9929740724916064,
                0.07236205690612864,
                0.09362811586135887
            ],
            [
                -0.022952104096135663,
                -0.6584266420163116,
                0.7522948610755522
            ],
            [
                0.11608484947224587,
                -0.7491582541782732,
                -0.6521397226971904
            ]
        ],
        "t": [
            241.91765675531616,
            -451.701517249519,
            1731.730951967089
        ]
    }
]