[
    {
        "scene_id": 10,
        "image_id": 3,
        "category_id": 0,
        "R": [
            [
                0.4060249060801065,
                0.5665022521131684,
                0.7170906495581878
            ],
            [
                0.9037592910588472,
                -0.1325571966790703,
                -0.4069985201372345
            ],
            [
                -0.13551005256959736,
                0.8133288644197784,
                -0.5658031895181318
            ]
        ],
        "t": [
            364.3120679216306,
            -125.41477319743633,
            2001.7058160228514
        ]
    },
    {
        "scene_id": 10,
        "image_id": 3,
        "category_id": 0,
        "R": [
            [
                0.805744336402482,
                0.5613511183558875,
                -0.18884123481473133
            ],
            [
                -0.23818795536051451,
                0.015204125069337764,
                -0.9711000949760822
            ],
            [
                -0.5422569516799352,
                0.8274381001283564,
                0.1459577134838442
            ]
        ],
        "t": [
            319.87615857622586,
            -377.2206752171526,
            2002.8586196194178
        ]
    },
    {
        "scene_id": 10,
        "image_id": 3,
        "category_id": 0,
        "R": [
            [
                0.39537054350650963,
                0.5709422985923714,
                0.7195186242870021
            ],
            [
                0.914400956178985,
                -0.17053687878955864,
                -0.36713502457839037
            ],
            [
                -0.08690845555767707,
                0.8030828838906808,
                -0.5894954344768729
            ]
        ],
        "t": [
            366.4229968451423,
            73.97202767023003,
            2018.9492288974218
        ]
    },
    {
        "scene_id": 10,
        "image_id": 3,
        "category_id": 0,
        "R": [
            [
                0.2440325148603773,
                0.5994974932457641,
                0.7622669565010666
            ],
            [
                0.9651186835344211,
                -0.2270036985109105,
                -0.13044274420471247
            ],
            [
                0.09483731686117874,
                0.7675103446660757,
                -0.6339825072317099
            ]
        ],
        "t": [
            366.66913397924554,
            -323.74475229709367,
            1988.3558559789888
        ]
    },
    {
        "scene_id": 10,
        "image_id": 3,
        "category_id": 0,
        "R": [
            [
                0.5908330403201234,
                0.6096633426759581,
                0.5284192963487344
            ],
            [
                0.6874391020556462,
                -0.03758754652408486,
                -0.725268722110453
            ],
            [
                -0.4223077653505878,
                0.7917688021826041,
                -0.4413143783399644
            ]
        ],
        "t": [
            229.9480526680261,
            119.86123030770284,
            2082.0345638405693
        ]
    },
    {
        "scene_id": 10,
        "image_id": 3,
        "category_id": 0,
        "R": [
            [
                0.4636292037195708,
                0.6122886597486202,
                0.6404299995253419
            ],
            [
                0.8460528538048627,
                -0.09126896297305073,
                -0.5252281475006592
            ],
            [
                -0.26313985556998887,
                0.7853487282205365,
                -0.5603435167891773
            ]
        ],
        "t": [
            179.61351775551225,
            -431.0432326754777,
            2057.0532684567665
        ]
    },
    {
        "scene_id": 10,
        "image_id": 3,
        "category_id": 0,
        "R": [
            [
                0.8706444735259726,
                0.4589975798476261,
                -0.17691650036991413
            ],
            [
                -0.2208237015897905,
                0.0433119025513143,
                -0.9743515966395656
            ],
            [
                -0.43956242880401275,
                0.8873811795089728,
                0.13906681398469084
            ]
        ],
        "t": [
            180.14663779399916,
            -29.233712065171204,
            2086.316730460494
        ]
    },
    {
        "scene_id": 10,
        "image_id": 3,
        "category_id": 0,
        "R": [
            [
                0.7789456042504891,
                0.6204625723160596,
                0.09093936256767084
            ],
            [
                0.03196038574311048,
                0.1055490958682085,
                -0.9939003894078412
            ],
            [
                -0.6262765525543299,
                0.777100787771867,
                0.06238678289253052
            ]
        ],
        "t": [
            274.284319840287,
            71.80038465133146,
            2057.3570023110697
        ]
    },
    {
        "scene_id": 10,
        "image_id": 3,
        "category_id": 0,
        "R": [
            [
                -0.5517372680967255,
                0.6764076728309144,
                0.4879125667771461
            ],
            [
                0.6409253943087189,
                -0.030463544059959862,
                0.7669984832931697
            ],
            [
                0.5336671973966552,
                0.7358971941436765,
                -0.41671897891616966
            ]
        ],
        "t": [
            43.5826661529577,
            114.16079543346297,
            2155.9663878154784
        ]
    },
    {
        "scene_id": 10,
        "image_id": 3,
        "category_id": 0,
        "R": [
            [
                0.36974951512217225,
                0.6124091770291019,
                0.6987419564101546
            ],
            [
                0.9180850230275689,
                -0.12519174779070946,
                -0.37609437477590346
            ],
            [
                -0.1428469203051812,
                0.7805652296548171,
                -0.6085332734764131
            ]
        ],
        "t": [
            364.627791138425,
            -225.72025066281304,
            1995.0354649238814
        ]
    },
    {
        "scene_id": 10,
        "image_id": 3,
        "category_id": 0,
        "R": [
            [
                -0.059754180617205756,
                0.6589017669354733,
                0.749851935463603
            ],
            [
                0.9605875222019062,
                -0.16634297524967992,
                0.22271436580424867
            ],
            [
                0.2714794856724004,
                0.7336065195874314,
                -0.622993120822803
            ]
        ],
        "t": [
            319.22019214391776,
            22.516546336339417,
            2033.4447356993921
        ]
    },
    {
        "scene_id": 10,
        "image_id": 3,
        "category_id": 0,
        "R": [
            [
                0.8019458035181491,
                0.47801753113422996,
                0.3583046104062852
            ],
            [
                0.4142291114227917,
                -0.01276587469223224,
                -0.910083148758249
            ],
            [
                -0.43046162407788424,
                0.8782575527726666,
                -0.2082463121130076
            ]
        ],
        "t": [
            -4.628585089067201,
            -335.3378070252627,
            2140.3132557899507
        ]
    },
    {
        "scene_id": 10,
        "image_id": 3,
        "category_id": 0,
        "R": [
            [
                0.24304539417241958,
                0.6268344967662285,
                0.740275270237927
            ],
            [
                0.9656137500646945,
                -0.0837299666376608,
                -0.24612890999099563
            ],
            [
                -0.09229886902010973,
                0.7746404694896041,
                -0.6256301839914736
            ]
        ],
        "t": [
            42.01269997851796,
            -84.73153277749162,
            2139.4131558743657
        ]
    },
    {
        "scene_id": 10,
        "image_id": 3,
        "category_id": 0,
        "R": [
            [
                0.05475273641238229,
                0.6118482178895297,
                0.7890778933737761
            ],
            [
                0.9983098999412042,
                -0.01812537306744718,
                -0.055216632376942514
            ],
            [
                -0.019481869145086227,
                0.7907675259200131,
                -0.6118065397162948
            ]
        ],
        "t": [
            273.89167785964037,
            -29.738348552443398,
            2048.0420542025627
        ]
    },
    {
        "scene_id": 10,
        "image_id": 3,
        "category_id": 0,
        "R": [
            [
                -0.17280635125813584,
                0.7150149606853914,
                0.6774153796979756
            ],
            [
                0.9454501059938334,
                -0.07241580233716469,
                0.31761629462075247
            ],
            [
                0.27615597517447354,
                0.6953485481676163,
                -0.6634970529333915
            ]
        ],
        "t": [
            320.14363596151543,
            -78.01378561583414,
            2024.7771664515594
        ]
    },
    {
        "scene_id": 10,
        "image_id": 3,
        "category_id": 0,
        "R": [
            [
                -0.2020665533912925,
                0.6080641113007458,
                0.7677416038219059
            ],
            [
                0.9624211634348797,
                -0.021930062263074694,
                0.2706744141995931
            ],
            [
                0.18142401382887247,
                0.793585004934885,
                -0.5807824312626814
            ]
        ],
        "t": [
            -51.02985495753046,
            -485.6413093059047,
            2146.923068994694
        ]
    },
    {
        "scene_id": 10,
        "image_id": 3,
        "category_id": 0,
        "R": [
            [
                0.8194725190521291,
                0.5426893368361876,
                0.18426366948775
            ],
            [
                0.24662244221461346,
                -0.04368945101415667,
                -0.9681263682116521
            ],
            [
                -0.5173414727269962,
                0.8387965008247984,
                -0.16964166974952746
            ]
        ],
        "t": [
            40.916294538663124,
            15.068651213493183,
            2146.6979074871942
        ]
    },
    {
        "scene_id": 10,
        "image_id": 3,
        "category_id": 0,
        "R": [
            [
                0.4793967545878072,
                0.5440101919453556,
                0.6886448202380451
            ],
            [
                0.8425550221467843,
                -0.06577672192688977,
                -0.5345788243732508
            ],
            [
                -0.24551952918087683,
                0.8364964962485191,
                -0.4898916593180816
            ]
        ],
        "t": [
            227.2691937539896,
            19.638476508448207,
            2071.822246155669
        ]
    },
    {
        "scene_id": 10,
        "image_id": 3,
        "category_id": 0,
        "R": [
            [
                0.8245419642553131,
                0.5543856512484052,
                -0.11308016874017451
            ],
            [
                -0.12405653614758107,
                -0.01785518834796484,
                -0.9921145246636728
            ],
            [
                -0.5520331178276009,
                0.8320683839138764,
                0.05405281331401662
            ]
        ],
        "t": [
            180.90318188701212,
            -530.2249947917887,
            2053.677317459301
        ]
    },
    {
        "scene_id": 10,
        "image_id": 3,
        "category_id": 0,
        "R": [
            [
                0.7694266389836726,
                0.6341651618671525,
                0.07627070464294597
            ],
            [
                0.14080217728487085,
                -0.05192653934992407,
                -0.9886750949343687
            ],
            [
                -0.623022820993574,
                0.7714520283477391,
                -0.12924549428912283
            ]
        ],
        "t": [
            182.98785482585345,
            122.71174949055364,
            2102.686183621104
        ]
    },
    {
        "scene_id": 10,
        "image_id": 3,
        "category_id": 0,
        "R": [
            [
                -0.13057728133364144,
                0.5963762508892267,
                0.7920132364204903
            ],
            [
                0.987308315671352,
                0.005379600901764087,
                0.15872432598955402
            ],
            [
                0.09039869985034144,
                0.8026870366347415,
                -0.5895096789693757
            ]
        ],
        "t": [
            272.762522254862,
            -528.1314308833288,
            2009.923911044768
        ]
    },
    {
        "scene_id": 10,
        "image_id": 3,
        "category_id": 0,
        "R": [
            [
                -0.4767181312916172,
                0.6612453613719224,
                0.5792188023988677
            ],
            [
                0.8075422252233977,
                0.06910280929206734,
                0.5857477427952154
            ],
            [
                0.34729732538530106,
                0.7469802016470479,
                -0.5669261075680174
            ]
        ],
        "t": [
            84.83693581371904,
            -500.3442529928744,
            1981.3611746336371
        ]
    },
    {
        "scene_id": 10,
        "image_id": 3,
        "category_id": 0,
        "R": [
            [
                -0.17829969903440188,
                0.6448305958781664,
                0.743238014120702
            ],
            [
                0.9310587022691355,
                -0.1338079275512461,
                0.3394483663443621
            ],
            [
                0.3183378247758127,
                0.7525217546068279,
                -0.5765172187152232
            ]
        ],
        "t": [
            295.5099907213014,
            75.46059028107925,
            2187.6751010974785
        ]
    },
    {
        "scene_id": 10,
        "image_id": 3,
        "category_id": 0,
        "R": [
            [
                -0.3290090484057897,
                0.6245893415701996,
                0.7082663525499822
            ],
            [
                0.9252668570163298,
                0.06328919245996356,
                0.3739997104081645
            ],
            [
                0.1887706228709993,
                0.7783846621438768,
                -0.5987345279794118
            ]
        ],
        "t": [
            424.5615417655267,
            29.257800076726,
            2766.128427285935
        ]
    },
    {
        "scene_id": 10,
        "image_id": 3,
        "category_id": 0,
        "R": [
            [
                0.625862561446738,
                0.6245644797840053,
                0.4671351950580229
            ],
            [
                0.6507341471338002,
                -0.08800038003637352,
                -0.754189011341323
            ],
            [
                -0.4299315894223165,
                0.7759994809689137,
                -0.46150157016791254
            ]
        ],
        "t": [
            -4.189470744248183,
            61.29985853157194,
            2050.0381552603376
        ]
    },
    {
        "scene_id": 10,
        "image_id": 3,
        "category_id": 0,
        "R": [
            [
                0.7541879047546061,
                0.585286291336185,
                -0.2977256911759978
            ],
            [
                -0.4250230005137744,
                0.08947937875975065,
                -0.9007491058954981
            ],
            [
                -0.5005557868315561,
                0.805874338457706,
                0.3162443994752597
            ]
        ],
        "t": [
            361.3503702144974,
            -453.51494858315436,
            2761.494571658411
        ]
    },
    {
        "scene_id": 10,
        "image_id": 3,
        "category_id": 0,
        "R": [
            [
                0.6564183603427629,
                0.63918680851824,
                0.4006933811677207
            ],
            [
                0.5189438304664368,
                0.0029252682679508715,
                -0.854803372470468
            ],
            [
                -0.5475511701328988,
                0.7690459778604024,
                -0.32978184506958974
            ]
        ],
        "t": [
            391.5900021354091,
            -241.87048367637863,
            2118.254202344631
        ]
    },
    {
        "scene_id": 10,
        "image_id": 3,
        "category_id": 0,
        "R": [
            [
                -0.43268342191225273,
                0.6563531136148456,
                0.6180498947017421
            ],
            [
                0.8047545241111373,
                -0.027838126080470513,
                0.5929546834451063
            ],
            [
                0.4063929969347811,
                0.7539401022320934,
                -0.5161580374297181
            ]
        ],
        "t": [
            75.82682271315775,
            -474.9117486324095,
            1897.6098952128093
        ]
    },
    {
        "scene_id": 10,
        "image_id": 3,
        "category_id": 0,
        "R": [
            [
                -0.3847555710259032,
                0.7538616480219831,
                0.5325934583681481
            ],
            [
                0.7546317590237926,
                -0.07534546193578726,
                0.6518082782527705
            ],
            [
                0.5315017550557382,
                0.6526987977850447,
                -0.5398983506710299
            ]
        ],
        "t": [
            254.570927938026,
            -25.967859464972832,
            1934.7490016945048
        ]
    },
    {
        "scene_id": 10,
        "image_id": 3,
        "category_id": 0,
        "R": [
            [
                0.3364405109171542,
                0.5456691545024367,
                0.7674978710907504
            ],
            [
                0.9411199445801337,
                -0.22354711146279924,
                -0.2536138813839403
            ],
            [
                0.033182657336186534,
                0.8076335294522126,
                -0.5887504213767859
            ]
        ],
        "t": [
            305.91716076564444,
            139.01320172610428,
            2627.4729292594193
        ]
    },
    {
        "scene_id": 10,
        "image_id": 3,
        "category_id": 0,
        "R": [
            [
                0.6428045018521433,
                0.6301962556571035,
                0.4354940613198062
            ],
            [
                0.6224459143325848,
                -0.09832912625237249,
                -0.7764615435561637
            ],
            [
                -0.44650140320118425,
                0.77018446675349,
                -0.45546948243069735
            ]
        ],
        "t": [
            345.24804451385603,
            -297.8947974667308,
            2138.861298697122
        ]
    },
    {
        "scene_id": 10,
        "image_id": 3,
        "category_id": 0,
        "R": [
            [
                0.7862181622669498,
                0.5742411132832876,
                0.2282721420304816
            ],
            [
                0.31630080046557174,
                -0.05662273496368409,
                -0.9469676506991003
            ],
            [
                -0.5308623595653574,
                0.8167258185213726,
                -0.22615074148002745
            ]
        ],
        "t": [
            422.51781746604206,
            -520.9638126632408,
            2725.9229376224666
        ]
    }
]