[
    {
        "scene_id": 12,
        "image_id": 2,
        "category_id": 0,
        "R": [
            [
                0.9133577650738388,
                0.07556616429172561,
                -0.4000841928409547
            ],
            [
                -0.38247375939117173,
                -0.17769905775705266,
                -0.9067176816870118
            ],
            [
                -0.13961175920652616,
                0.9811792615509733,
                -0.13340074962959433
            ]
        ],
        "t": [
            137.0039935384151,
            255.5922057153374,
            1840.6330448554945
        ]
    },
    {
        "scene_id": 12,
        "image_id": 2,
        "category_id": 0,
        "R": [
            [
                0.8505789936848787,
                0.09732859576592658,
                0.5167615828560519
            ],
            [
                0.5234349869002164,
                -0.25073407229369105,
                -0.8143391956145924
            ],
            [
                0.05031125378185364,
                0.9631508265543407,
                -0.26421432523385274
            ]
        ],
        "t": [
            -361.9402941393634,
            229.0296892932392,
            1851.329495375394
        ]
    },
    {
        "scene_id": 12,
        "image_id": 2,
        "category_id": 0,
        "R": [
            [
                -0.3006578309261106,
                0.23973616479269802,
                0.923109664969951
            ],
            [
                0.8984297921898526,
                -0.2536037340034242,
                0.35848171590702976
            ],
            [
                0.3200450854005877,
                0.9371294822235023,
                -0.1391381452608645
            ]
        ],
        "t": [
            -61.050385515483356,
            218.11123870204221,
            1821.1598624946216
        ]
    },
    {
        "scene_id": 12,
        "image_id": 2,
        "category_id": 0,
        "R": [
            [
                -0.9680808604718127,
                0.249416696490934,
                -0.024713815313382407
            ],
            [
                -0.05118709783361695,
                -0.10021952629420684,
                0.9936478317790292
            ],
            [
                0.24535553274362445,
                0.9631964005710163,
                0.10978753612010184
            ]
        ],
        "t": [
            -206.35379538004784,
            190.58889786447224,
            1834.7641786399806
        ]
    },
    {
        "scene_id": 12,
        "image_id": 2,
        "category_id": 0,
        "R": [
            [
                0.3884713788121415,
                0.2059902721000211,
                0.8981414193831576
            ],
            [
                0.9003595855810897,
                -0.29224793561706114,
                -0.32240323635820367
            ],
            [
                0.19606805070475095,
                0.9338945879055893,
                -0.29899525879465183
            ]
        ],
        "t": [
            -169.87070322364244,
            363.1880881223929,
            1881.3957810798067
        ]
    },
    {
        "scene_id": 12,
        "image_id": 2,
        "category_id": 0,
        "R": [
            [
                -0.9644299477996087,
                0.257911216367433,
                -0.057936981512293116
            ],
            [
                -0.0720292985353619,
                -0.0455231939054321,
                0.9963631391232725
            ],
            [
                0.2543357314840117,
                0.9650955355763352,
                0.06248111322080872
            ]
        ],
        "t": [
            104.63199402541278,
            118.94867168899242,
            1791.924340397405
        ]
    },
    {
        "scene_id": 12,
        "image_id": 2,
        "category_id": 0,
        "R": [
            [
                0.9402063117282898,
                0.14356774582317167,
                0.3088695635914597
            ],
            [
                0.34059781261005967,
                -0.39019944514919125,
                -0.8554166289504402
            ],
            [
                -0.002289496816772035,
                0.9094683330809435,
                -0.41576682880610843
            ]
        ],
        "t": [
            -311.916305341145,
            458.8230578333923,
            1881.8025444726393
        ]
    },
    {
        "scene_id": 12,
        "image_id": 2,
        "category_id": 0,
        "R": [
            [
                0.06269824852441351,
                0.26267652285598286,
                0.9628447369850974
            ],
            [
                0.9458356099363708,
                -0.3235481380289115,
                0.026677469684122546
            ],
            [
                0.3185341638277968,
                0.9090201316559909,
                -0.26873468947429063
            ]
        ],
        "t": [
            98.5658415059927,
            21.38733483199337,
            1769.2020844015908
        ]
    },
    {
        "scene_id": 12,
        "image_id": 2,
        "category_id": 0,
        "R": [
            [
                0.9722164376788692,
                0.09251752474590443,
                0.21502492760036107
            ],
            [
                0.23219197300463768,
                -0.2645979340415484,
                -0.9359887323080266
            ],
            [
                -0.02970020143332057,
                0.9599106138285443,
                -0.2787282872302688
            ]
        ],
        "t": [
            -79.24182748147791,
            -114.20040676142753,
            1732.8410508636841
        ]
    },
    {
        "scene_id": 12,
        "image_id": 2,
        "category_id": 0,
        "R": [
            [
                0.049708053057592065,
                0.17832048839271059,
                0.9827160965651521
            ],
            [
                0.9711927098966728,
                -0.2382226250207097,
                -0.005898068008204211
            ],
            [
                0.23305346590552986,
                0.9546998119783063,
                -0.18502512706710691
            ]
        ],
        "t": [
            -302.23088191802503,
            -308.7512854663381,
            2633.139549395948
        ]
    }
]