[
    {
        "scene_id": 11,
        "image_id": 5,
        "category_id": 0,
        "R": [
            [
                0.02661996500258206,
                0.6942604598526261,
                0.7192314071555247
            ],
            [
                0.9994690353718081,
                -0.03200884832634907,
                -0.006094499345396424
            ],
            [
                0.018790596441122884,
                0.7190117483639533,
                -0.694743898508414
            ]
        ],
        "t": [
            25.453365627907715,
            63.030265934348336,
            2111.404461943319
        ]
    },
    {
        "scene_id": 11,
        "image_id": 5,
        "category_id": 0,
        "R": [
            [
                0.7700741649059536,
                0.5138234606701378,
                -0.3781154023572635
            ],
            [
                -0.49082523899593167,
                0.09857694015288315,
                -0.8656634643989449
            ],
            [
                -0.4075247316403438,
                0.8522136425814586,
                0.3281090760923548
            ]
        ],
        "t": [
            30.06556827651775,
            -232.56203387739293,
            2114.084492711754
        ]
    },
    {
        "scene_id": 11,
        "image_id": 5,
        "category_id": 0,
        "R": [
            [
                0.07397784206747751,
                0.6338449882955295,
                0.7699141740389724
            ],
            [
                0.9961541158455194,
                -0.08331369728745137,
                -0.027126873922895582
            ],
            [
                0.0469501603949345,
                0.7689599527454005,
                -0.6375706539885225
            ]
        ],
        "t": [
            86.10909980759175,
            54.891412211539176,
            2097.7261916192574
        ]
    },
    {
        "scene_id": 11,
        "image_id": 5,
        "category_id": 0,
        "R": [
            [
                -0.7191998112241319,
                0.6745253007657698,
                0.16663515791229425
            ],
            [
                0.24785597702242723,
                0.02501934956383251,
                0.9684738038595381
            ],
            [
                0.6490909724612421,
                0.7378276887103447,
                -0.18517903919272657
            ]
        ],
        "t": [
            23.477058435820254,
            2.566555721503846,
            2557.199303938568
        ]
    },
    {
        "scene_id": 11,
        "image_id": 5,
        "category_id": 0,
        "R": [
            [
                -0.19330770832953703,
                0.7428411762876141,
                0.6409517473277144
            ],
            [
                0.8446148635376413,
                -0.20642962331452705,
                0.49397632015109444
            ],
            [
                0.4992573707596115,
                0.6368467966707766,
                -0.587510255763286
            ]
        ],
        "t": [
            14.099829934873469,
            -2.173052734676702,
            1978.9209710946798
        ]
    },
    {
        "scene_id": 11,
        "image_id": 5,
        "category_id": 0,
        "R": [
            [
                -0.4967798639168479,
                0.7021258688895737,
                0.5101265105179822
            ],
            [
                0.7596487131846666,
                0.06753706741050901,
                0.6468173150457327
            ],
            [
                0.4196947140816477,
                0.7088427571806026,
                -0.5669200630416922
            ]
        ],
        "t": [
            145.55972855474784,
            -185.16823387972696,
            2072.307813813799
        ]
    },
    {
        "scene_id": 11,
        "image_id": 5,
        "category_id": 0,
        "R": [
            [
                -0.5349184161948001,
                0.7467496694673273,
                0.3952559232402703
            ],
            [
                0.5486348393631657,
                -0.04877251669534565,
                0.834638314848209
            ],
            [
                0.6425435031421404,
                0.6633145683954598,
                -0.3836035652061157
            ]
        ],
        "t": [
            -104.48884940381913,
            -99.15614325820628,
            1783.239334375268
        ]
    }
]