[
    {
        "scene_id": 12,
        "image_id": 0,
        "category_id": 1,
        "R": [
            [
                0.06436576447637533,
                0.6772514946104867,
                -0.7329307519143047
            ],
            [
                0.8066716806344393,
                -0.4676872559697955,
                -0.3613163326316075
            ],
            [
                -0.5874843938855833,
                -0.5679780717407156,
                -0.5764226420581161
            ]
        ],
        "t": [
            -39.074327289086796,
            -228.9180701248257,
            2067.5311593052465
        ]
    },
    {
        "scene_id": 12,
        "image_id": 0,
        "category_id": 1,
        "R": [
            [
                0.06410306412418548,
                0.6778944015208664,
                -0.732359203701975
            ],
            [
                0.8067949438731392,
                -0.46712553161564413,
                -0.3617674919254663
            ],
            [
                -0.5873438351983442,
                -0.5676732901903107,
                -0.5768659464500215
            ]
        ],
        "t": [
            36.31541817928178,
            -261.6823059601726,
            2003.7898971244524
        ]
    },
    {
        "scene_id": 12,
        "image_id": 0,
        "category_id": 1,
        "R": [
            [
                0.06433618323699138,
                0.6773069299510317,
                -0.7328821213928195
            ],
            [
                0.8066899062546427,
                -0.46762820514383924,
                -0.3613520705092611
            ],
            [
                -0.5874626079222751,
                -0.5679605890540228,
                -0.5764620706423266
            ]
        ],
        "t": [
            -191.01761229561134,
            -116.3040387181523,
            2152.3152277570402
        ]
    }
]