[
    {
        "scene_id": 1,
        "image_id": 2,
        "category_id": 14,
        "R": [
            [
                0.6557872321001117,
                -0.6374361224319391,
                -0.40449758470651964
            ],
            [
                0.6035522473699036,
                0.12081254242430714,
                0.7881173861092738
            ],
            [
                -0.45350610900980465,
                -0.7609727455118934,
                0.46395332704796793
            ]
        ],
        "t": [
            -30.844585879154693,
            -363.0296744724541,
            2107.9086794554314
        ]
    },
    {
        "scene_id": 1,
        "image_id": 2,
        "category_id": 14,
        "R": [
            [
                0.7975568073796363,
                -0.22144523696160456,
                -0.5611284576898777
            ],
            [
                0.2753114412351467,
                -0.6940439179911824,
                0.6652117333785351
            ],
            [
                -0.5367557631990816,
                -0.6850292307095135,
                -0.4925730440717434
            ]
        ],
        "t": [
            51.06995023154195,
            -52.915360638303326,
            2090.742470579529
        ]
    },
    {
        "scene_id": 1,
        "image_id": 2,
        "category_id": 14,
        "R": [
            [
                0.8487729043194828,
                -0.522861906954929,
                0.0787399717330827
            ],
            [
                -0.029378810078908715,
                0.10205137398136246,
                0.9943452129853413
            ],
            [
                -0.5279407565356353,
                -0.8462865609969069,
                0.07125738042203009
            ]
        ],
        "t": [
            -82.98520747463431,
            -177.26921288871816,
            2136.0674294714427
        ]
    }
]