[
    {
        "scene_id": 10,
        "image_id": 1,
        "category_id": 0,
        "R": [
            [
                0.9028973457906665,
                -0.04723854435431857,
                0.4272527789073623
            ],
            [
                0.4264980711913614,
                -0.025551656329768524,
                -0.9041275325551854
            ],
            [
                0.053626685632397544,
                0.9985567633051377,
                -0.0029233627782423387
            ]
        ],
        "t": [
            303.88836704225616,
            145.33922161440222,
            1969.4900916677843
        ]
    },
    {
        "scene_id": 10,
        "image_id": 1,
        "category_id": 0,
        "R": [
            [
                -0.1662839613039463,
                0.040003559881050414,
                0.9852661536876821
            ],
            [
                0.980526783092059,
                -0.09916430296244966,
                0.16951034084262714
            ],
            [
                0.10448423104039438,
                0.9942666326563697,
                -0.022735119404616377
            ]
        ],
        "t": [
            403.3549557224757,
            48.36929592989222,
            1989.212430945453
        ]
    },
    {
        "scene_id": 10,
        "image_id": 1,
        "category_id": 0,
        "R": [
            [
                0.9612589503472605,
                -0.1463457027324241,
                0.2335898111254955
            ],
            [
                0.23224044884895378,
                -0.026482913888670998,
                -0.9722978536363617
            ],
            [
                0.14847774777201062,
                0.9888789443675983,
                0.008530463484318684
            ]
        ],
        "t": [
            462.12238919460583,
            -198.77175182351942,
            1990.112430839058
        ]
    },
    {
        "scene_id": 10,
        "image_id": 1,
        "category_id": 0,
        "R": [
            [
                0.3040690469023268,
                -0.09984014495285573,
                0.94740381800176
            ],
            [
                0.8966465282014145,
                -0.30595976142404957,
                -0.320021428734331
            ],
            [
                0.32181840398393685,
                0.9467948884496363,
                -0.0035115619251109443
            ]
        ],
        "t": [
            466.8480579005112,
            -298.3568842446864,
            1988.596101282389
        ]
    },
    {
        "scene_id": 10,
        "image_id": 1,
        "category_id": 0,
        "R": [
            [
                0.8736653797071819,
                -0.08893681213215018,
                0.4783294700742212
            ],
            [
                0.47481708651129545,
                -0.058543789030375645,
                -0.878135209474239
            ],
            [
                0.1061017621814073,
                0.9943152645802361,
                -0.008918951116407937
            ]
        ],
        "t": [
            422.1873691580832,
            -351.28838077040353,
            1968.7840503553948
        ]
    },
    {
        "scene_id": 10,
        "image_id": 1,
        "category_id": 0,
        "R": [
            [
                0.984167515435429,
                -0.14119607535622417,
                -0.10713544725375954
            ],
            [
                -0.10893644536846543,
                -0.005065535711135953,
                -0.994035853585733
            ],
            [
                0.13981126284957526,
                0.9899686784355797,
                -0.02036672534307571
            ]
        ],
        "t": [
            282.0908849923168,
            -504.13041527280103,
            1923.4239008633544
        ]
    },
    {
        "scene_id": 10,
        "image_id": 1,
        "category_id": 0,
        "R": [
            [
                -0.7002283298873557,
                0.11745350531184559,
                0.7041910211765934
            ],
            [
                0.7091092618549284,
                0.00012127450446264487,
                0.7050986647551724
            ],
            [
                0.08273089086207445,
                0.9930783651567027,
                -0.08337228171964423
            ]
        ],
        "t": [
            409.2162805099608,
            -52.11479966514483,
            1983.7659253347178
        ]
    },
    {
        "scene_id": 10,
        "image_id": 1,
        "category_id": 0,
        "R": [
            [
                0.47074332261442037,
                -0.09748764176804042,
                0.8768676742297271
            ],
            [
                0.865256593456948,
                -0.14322895603005203,
                -0.48043374218438634
            ],
            [
                0.17242917871623545,
                0.9848764421151062,
                0.01692776116963332
            ]
        ],
        "t": [
            448.2796740848188,
            100.4391208831758,
            2005.3190322711985
        ]
    },
    {
        "scene_id": 10,
        "image_id": 1,
        "category_id": 0,
        "R": [
            [
                0.7173788604385499,
                -0.038745302501578385,
                0.6956050649057675
            ],
            [
                0.6965795854802086,
                0.05711858109364889,
                -0.7152023740044089
            ],
            [
                -0.01202124034928603,
                0.9976152790516932,
                0.06796485700240977
            ]
        ],
        "t": [
            352.62402110132194,
            97.5071737560973,
            1979.4280572871498
        ]
    },
    {
        "scene_id": 10,
        "image_id": 1,
        "category_id": 0,
        "R": [
            [
                0.7902652099469423,
                -0.10419091335008417,
                0.6038420204949297
            ],
            [
                0.601404081071662,
                -0.05699752353226138,
                -0.7969093427592708
            ],
            [
                0.1174482058322246,
                0.9929227124455584,
                0.01761769169976085
            ]
        ],
        "t": [
            306.82753401965874,
            45.433404574414,
            1961.434135048251
        ]
    },
    {
        "scene_id": 10,
        "image_id": 1,
        "category_id": 0,
        "R": [
            [
                0.9830855689603047,
                -0.15179673030472954,
                0.1024721960504198
            ],
            [
                0.11259857611913467,
                0.05966691632784037,
                -0.9918475219242844
            ],
            [
                0.14444500861251247,
                0.986609135736205,
                0.07574978398036003
            ]
        ],
        "t": [
            82.86948120898381,
            -310.2085933515621,
            1869.9800489011348
        ]
    },
    {
        "scene_id": 10,
        "image_id": 1,
        "category_id": 0,
        "R": [
            [
                -0.9884026727366492,
                -0.05247888601135761,
                -0.14249967453529042
            ],
            [
                -0.14719281680210153,
                0.10033003199581461,
                0.9840062227227303
            ],
            [
                -0.03734255873974393,
                0.9935692360499369,
                -0.10689098879790884
            ]
        ],
        "t": [
            271.6004311091948,
            -506.08326122318886,
            1934.9912305666803
        ]
    },
    {
        "scene_id": 10,
        "image_id": 1,
        "category_id": 0,
        "R": [
            [
                0.8918724516495623,
                -0.06275671441473978,
                0.44791199914388846
            ],
            [
                0.4492856109085636,
                0.009028305044982888,
                -0.8933426087084437
            ],
            [
                0.052019361539054725,
                0.9979880061536199,
                0.03624779445529056
            ]
        ],
        "t": [
            279.53861155955923,
            -408.3738999785218,
            1922.6114327355128
        ]
    },
    {
        "scene_id": 10,
        "image_id": 1,
        "category_id": 0,
        "R": [
            [
                -0.10832079640475176,
                -0.0163088095075443,
                0.9939822241827544
            ],
            [
                0.9923086105364758,
                -0.06203957099340265,
                0.10712049328488309
            ],
            [
                0.05991920930286589,
                0.9979404253516703,
                0.02290355452168651
            ]
        ],
        "t": [
            287.40449499489176,
            102.48015002186412,
            2093.6883581877246
        ]
    },
    {
        "scene_id": 10,
        "image_id": 1,
        "category_id": 0,
        "R": [
            [
                0.4367643614101318,
                -0.05808352205961743,
                0.8976988533242977
            ],
            [
                0.8910707416990387,
                -0.10896580303543722,
                -0.4405899159674923
            ],
            [
                0.12340947814741664,
                0.992347085189172,
                0.004164159485237929
            ]
        ],
        "t": [
            419.7111419659697,
            -95.0897495974011,
            1869.5620851340568
        ]
    },
    {
        "scene_id": 10,
        "image_id": 1,
        "category_id": 0,
        "R": [
            [
                -0.5196600722458232,
                -0.036441747028324166,
                0.8535955966261765
            ],
            [
                0.8543719679359861,
                -0.023828608926909123,
                0.5191154253123991
            ],
            [
                0.0014225104675828465,
                0.9990516369725041,
                0.04351758415641973
            ]
        ],
        "t": [
            347.74890549614895,
            -473.5011126550446,
            1818.0146512746337
        ]
    },
    {
        "scene_id": 10,
        "image_id": 1,
        "category_id": 0,
        "R": [
            [
                0.05568135365382307,
                -0.04654852109669315,
                0.9973629511023545
            ],
            [
                0.9967049178008824,
                -0.056418918122595266,
                -0.05827777882594867
            ],
            [
                0.05898287090762264,
                0.9973214719559554,
                0.043253664808693915
            ]
        ],
        "t": [
            395.1232632840719,
            -1.3196742287166785,
            2115.0829014108904
        ]
    },
    {
        "scene_id": 10,
        "image_id": 1,
        "category_id": 0,
        "R": [
            [
                0.9680691960081115,
                -0.09345327028405497,
                0.23261245066855996
            ],
            [
                0.2418897915441086,
                0.10462065810314544,
                -0.964647051330323
            ],
            [
                0.06581335614874323,
                0.9901115994807491,
                0.1238854298551412
            ]
        ],
        "t": [
            405.11639453635,
            -214.67417501562008,
            2103.495584034033
        ]
    },
    {
        "scene_id": 10,
        "image_id": 1,
        "category_id": 0,
        "R": [
            [
                0.49637677220085835,
                -0.1069177375537518,
                0.8614979579827526
            ],
            [
                0.8417506801471242,
                -0.18340021438045373,
                -0.5077600228774726
            ],
            [
                0.2122874452212901,
                0.9772067033984103,
                -0.001037515740020819
            ]
        ],
        "t": [
            7.852395208313013,
            172.45175543208398,
            2447.826208577507
        ]
    }
]