[
    {
        "scene_id": 12,
        "image_id": 2,
        "category_id": 0,
        "R": [
            [
                0.7761734989443125,
                0.533290318033914,
                -0.3363869229299262
            ],
            [
                -0.4189082080798302,
                0.03742047882727891,
                -0.9072572308492147
            ],
            [
                -0.47124373089064076,
                0.8451042530683887,
                0.252444474799235
            ]
        ],
        "t": [
            67.86518247622621,
            -120.9193985510762,
            2009.5189211556135
        ]
    },
    {
        "scene_id": 12,
        "image_id": 2,
        "category_id": 0,
        "R": [
            [
                0.7295364317511126,
                0.5505617715757803,
                0.40578116777103684
            ],
            [
                0.5075600263442993,
                -0.03814016897947015,
                -0.8607718682253119
            ],
            [
                -0.4584315182673005,
                0.8339227284692743,
                -0.307267784377357
            ]
        ],
        "t": [
            -365.88592857080744,
            -136.15149394325485,
            2257.29572776443
        ]
    },
    {
        "scene_id": 12,
        "image_id": 2,
        "category_id": 0,
        "R": [
            [
                -0.19640258468295818,
                0.6647073001635085,
                0.7208260924311961
            ],
            [
                0.9513013355120875,
                -0.04896141942034893,
                0.30434948730327455
            ],
            [
                0.23759598958714406,
                0.7454978423767754,
                -0.622720786595686
            ]
        ],
        "t": [
            -112.8828021462632,
            -158.39040170930312,
            2092.7995040138994
        ]
    },
    {
        "scene_id": 12,
        "image_id": 2,
        "category_id": 0,
        "R": [
            [
                -0.7383557360647722,
                0.6719610281731734,
                -0.05743874412915204
            ],
            [
                0.019353993459977705,
                0.10624566658869625,
                0.9941515695449948
            ],
            [
                0.6741337206609216,
                0.7329258365952157,
                -0.09145222815075058
            ]
        ],
        "t": [
            -232.66395078943322,
            -179.8740202917994,
            2177.926284167954
        ]
    },
    {
        "scene_id": 12,
        "image_id": 2,
        "category_id": 0,
        "R": [
            [
                0.3554864242013827,
                0.6367426765046028,
                0.684242787186466
            ],
            [
                0.91479615527852,
                -0.08681815174334157,
                -0.3944751763749022
            ],
            [
                -0.19177448548375475,
                0.7661732327555318,
                -0.6133524186314504
            ]
        ],
        "t": [
            -193.9315091481335,
            -1.9130630090349428,
            2166.714786816561
        ]
    },
    {
        "scene_id": 12,
        "image_id": 2,
        "category_id": 0,
        "R": [
            [
                -0.7291948408079544,
                0.6756037180167741,
                -0.10878660777599193
            ],
            [
                0.0008883073153231274,
                0.1599080008308986,
                0.9871315536142493
            ],
            [
                0.6843055888666035,
                0.719714591953389,
                -0.11720423409574025
            ]
        ],
        "t": [
            28.69657591307987,
            -264.2987418181921,
            2009.8701073051632
        ]
    },
    {
        "scene_id": 12,
        "image_id": 2,
        "category_id": 0,
        "R": [
            [
                0.8004035546414642,
                0.5788278246914523,
                0.155924740726749
            ],
            [
                0.31619464517120055,
                -0.1866708092044039,
                -0.9301478470203185
            ],
            [
                -0.509288852224023,
                0.7937962029570663,
                -0.3324342318202991
            ]
        ],
        "t": [
            -327.56943960532533,
            93.92077495253136,
            2214.4635574264776
        ]
    },
    {
        "scene_id": 12,
        "image_id": 2,
        "category_id": 0,
        "R": [
            [
                0.11993254010048514,
                0.6781172439363852,
                0.7251022100308347
            ],
            [
                0.9911455040996954,
                -0.12370460732447046,
                -0.048247505533050086
            ],
            [
                0.05698101564498114,
                0.7244682338222715,
                -0.6869490573202474
            ]
        ],
        "t": [
            21.339458863958043,
            -364.3491875063146,
            2012.533648270853
        ]
    },
    {
        "scene_id": 12,
        "image_id": 2,
        "category_id": 0,
        "R": [
            [
                0.8254822784556299,
                0.5460209154111667,
                0.14296920500473978
            ],
            [
                0.2039041254877045,
                -0.05229381606326151,
                -0.977593231549369
            ],
            [
                -0.5263099402239891,
                0.8361378898774848,
                -0.15450353150436108
            ]
        ],
        "t": [
            -140.78047906038205,
            -501.5837367405504,
            2091.308847072034
        ]
    },
    {
        "scene_id": 12,
        "image_id": 2,
        "category_id": 0,
        "R": [
            [
                0.06695420412670837,
                0.6171736217163682,
                0.783973137867424
            ],
            [
                0.9976339177651047,
                -0.02911503392391366,
                -0.06228115995034615
            ],
            [
                -0.015612886808250919,
                0.7862881699508797,
                -0.6176627047794622
            ]
        ],
        "t": [
            92.91861817960876,
            -493.0852386824123,
            3009.6901191275592
        ]
    }
]