[
    {
        "scene_id": 11,
        "image_id": 1,
        "category_id": 1,
        "R": [
            [
                0.4200627318726361,
                0.8831592573792038,
                -0.2087511954210554
            ],
            [
                0.800676901832825,
                -0.46895504416824046,
                -0.37282402338908666
            ],
            [
                -0.4271578857879955,
                -0.010532769684776667,
                -0.9041156886019504
            ]
        ],
        "t": [
            -53.789324071338854,
            -15.358140350326266,
            1837.2695179991479
        ]
    },
    {
        "scene_id": 11,
        "image_id": 1,
        "category_id": 1,
        "R": [
            [
                0.4197305327118165,
                0.883523168611737,
                -0.20787766745934905
            ],
            [
                0.8008032592372227,
                -0.4682861290826302,
                -0.3733929944432831
            ],
            [
                -0.4272475618926226,
                -0.00974466026835885,
                -0.9040821530465832
            ]
        ],
        "t": [
            99.75717640159772,
            -52.950969672305604,
            1838.1722589041483
        ]
    },
    {
        "scene_id": 11,
        "image_id": 1,
        "category_id": 1,
        "R": [
            [
                0.4197753522526353,
                0.8834661276977606,
                -0.20802953887491246
            ],
            [
                0.8007875435469932,
                -0.468390745831025,
                -0.37329546784725715
            ],
            [
                -0.4272329844225493,
                -0.009887214013146451,
                -0.90408749412031
            ]
        ],
        "t": [
            70.70219876729624,
            -500.2408035949149,
            1901.3527679221197
        ]
    },
    {
        "scene_id": 11,
        "image_id": 1,
        "category_id": 1,
        "R": [
            [
                0.41975534098340656,
                0.8834891013537092,
                -0.2079723435885848
            ],
            [
                0.8007964949961056,
                -0.4683484778970091,
                -0.37332929679973037
            ],
            [
                -0.42723586759095217,
                -0.009836544630582303,
                -0.9040866843604205
            ]
        ],
        "t": [
            -153.97180816830792,
            -352.4192314064875,
            1824.0835528565356
        ]
    },
    {
        "scene_id": 11,
        "image_id": 1,
        "category_id": 1,
        "R": [
            [
                0.41977291339341355,
                0.8834684562991474,
                -0.20802457090020793
            ],
            [
                0.8007884626036159,
                -0.4683864447141463,
                -0.37329889306620345
            ],
            [
                -0.42723365806040015,
                -0.009882899508529984,
                -0.9040872229613217
            ]
        ],
        "t": [
            -157.0428870035036,
            -486.7657074092968,
            1842.447150443581
        ]
    }
]