[
    {
        "scene_id": 10,
        "image_id": 1,
        "category_id": 0,
        "R": [
            [
                0.8899263936762118,
                0.14568972537469613,
                0.43221005463355183
            ],
            [
                0.45579836353802666,
                -0.24937505158074783,
                -0.8544354987239152
            ],
            [
                -0.01670005679223143,
                0.9573852587715234,
                -0.28833057589910915
            ]
        ],
        "t": [
            243.40273664522124,
            461.65607522119575,
            2029.8186301603223
        ]
    },
    {
        "scene_id": 10,
        "image_id": 1,
        "category_id": 0,
        "R": [
            [
                -0.1577713235000814,
                0.23157638543382864,
                0.959937810880515
            ],
            [
                0.9214437426247916,
                -0.31498593821480203,
                0.22743213040154875
            ],
            [
                0.35503481629206773,
                0.9204108798818056,
                -0.16368884514178095
            ]
        ],
        "t": [
            346.24318911887826,
            368.69147362621413,
            2008.204667973452
        ]
    },
    {
        "scene_id": 10,
        "image_id": 1,
        "category_id": 0,
        "R": [
            [
                0.9683048457103319,
                0.046592930851254634,
                0.24538711892888865
            ],
            [
                0.24906593810487274,
                -0.25390615197611593,
                -0.9346111012068339
            ],
            [
                0.018759033033052507,
                0.9661059515003423,
                -0.2574632707076395
            ]
        ],
        "t": [
            407.7772102147485,
            131.37602926477115,
            1941.6609770069385
        ]
    },
    {
        "scene_id": 10,
        "image_id": 1,
        "category_id": 0,
        "R": [
            [
                0.34675130434159845,
                0.08832732858056087,
                0.9337889641299376
            ],
            [
                0.8189422199373676,
                -0.5138623422778359,
                -0.2554979836069588
            ],
            [
                0.45727151350732265,
                0.8533133894495396,
                -0.25051740244752047
            ]
        ],
        "t": [
            413.6116048162644,
            35.063102732056564,
            1916.5291279591495
        ]
    },
    {
        "scene_id": 10,
        "image_id": 1,
        "category_id": 0,
        "R": [
            [
                0.8705912592095185,
                0.10445042372881626,
                0.48079203605976706
            ],
            [
                0.48947026078722483,
                -0.2829732706661361,
                -0.8248303328126488
            ],
            [
                0.04989742454924056,
                0.953423402047254,
                -0.2974794279613052
            ]
        ],
        "t": [
            366.77466098382433,
            -14.656620896270056,
            1893.6580208766366
        ]
    },
    {
        "scene_id": 10,
        "image_id": 1,
        "category_id": 0,
        "R": [
            [
                0.9942198706762574,
                0.051535331516414214,
                -0.09418583718171133
            ],
            [
                -0.07973807527443515,
                -0.23300287076254542,
                -0.9692015206356057
            ],
            [
                -0.0718936882705672,
                0.9711095283425403,
                -0.22754676037547866
            ]
        ],
        "t": [
            222.87658715609575,
            -161.5044820143654,
            1840.986347133275
        ]
    },
    {
        "scene_id": 10,
        "image_id": 1,
        "category_id": 0,
        "R": [
            [
                -0.6818464926669082,
                0.30586569594521296,
                0.664478404501927
            ],
            [
                0.6310000537441798,
                -0.21357644880830598,
                0.745804343459935
            ],
            [
                0.37003288832698794,
                0.927809909007616,
                -0.04737489748652268
            ]
        ],
        "t": [
            352.45107183813536,
            272.44255121980126,
            1978.9014231306112
        ]
    },
    {
        "scene_id": 10,
        "image_id": 1,
        "category_id": 0,
        "R": [
            [
                0.4821029428629169,
                0.09551338213175846,
                0.8708926224766795
            ],
            [
                0.8312766289968277,
                -0.36379834204206163,
                -0.4202737422746598
            ],
            [
                0.27668752327684953,
                0.9265678123131316,
                -0.25478628349338733
            ]
        ],
        "t": [
            392.64087685752077,
            418.4108104984167,
            2027.2876884969785
        ]
    },
    {
        "scene_id": 10,
        "image_id": 1,
        "category_id": 0,
        "R": [
            [
                0.6912419457948343,
                0.15260797355369332,
                0.7063252737579525
            ],
            [
                0.7224359063274639,
                -0.16820924129942497,
                -0.6706654146627188
            ],
            [
                0.016461563695741612,
                0.9738667272468147,
                -0.2265227606455058
            ]
        ],
        "t": [
            293.848968754318,
            415.734072258463,
            2019.417707533526
        ]
    },
    {
        "scene_id": 10,
        "image_id": 1,
        "category_id": 0,
        "R": [
            [
                0.7890374148922011,
                0.08919128912110778,
                0.6078362323955258
            ],
            [
                0.6052972277990324,
                -0.2820477528092056,
                -0.7443550343676819
            ],
            [
                0.10504886408895489,
                0.9552454790785814,
                -0.27653346535590223
            ]
        ],
        "t": [
            246.2336275772717,
            366.3792334622045,
            1998.6895615950368
        ]
    },
    {
        "scene_id": 10,
        "image_id": 1,
        "category_id": 0,
        "R": [
            [
                0.9907370048438756,
                0.03952080982666051,
                0.12991653625028501
            ],
            [
                0.13478715365507069,
                -0.16987109372052273,
                -0.9762050608157011
            ],
            [
                -0.01651134600025582,
                0.9846734790473488,
                -0.1736244848005089
            ]
        ],
        "t": [
            14.226119216735242,
            27.49923895775123,
            1870.880506632418
        ]
    },
    {
        "scene_id": 10,
        "image_id": 1,
        "category_id": 0,
        "R": [
            [
                -0.9748804564982314,
                0.1377089685696573,
                -0.17505527435904675
            ],
            [
                -0.19255177949673258,
                -0.1260536568218151,
                0.9731569112167466
            ],
            [
                0.11194606396452261,
                0.9824187804632472,
                0.14940336396530327
            ]
        ],
        "t": [
            214.83179223056732,
            -166.5851367734897,
            1853.521679629061
        ]
    },
    {
        "scene_id": 10,
        "image_id": 1,
        "category_id": 0,
        "R": [
            [
                0.8784587028973964,
                0.12983593427168927,
                0.45984013639879434
            ],
            [
                0.4776918370958981,
                -0.21649657399564942,
                -0.8514339834975592
            ],
            [
                -0.010992900846928824,
                0.9676113933867627,
                -0.25220486539178694
            ]
        ],
        "t": [
            218.78515491674318,
            -68.27411445313328,
            1862.61603016664
        ]
    },
    {
        "scene_id": 10,
        "image_id": 1,
        "category_id": 0,
        "R": [
            [
                -0.10962234383483105,
                0.17646782096294322,
                0.9781830419018666
            ],
            [
                0.94618449223225,
                -0.2829494701968021,
                0.1570814757028248
            ],
            [
                0.30449619723837085,
                0.942761185873823,
                -0.1359535173702617
            ]
        ],
        "t": [
            251.70628855320763,
            391.4002808535756,
            2141.751652032748
        ]
    },
    {
        "scene_id": 10,
        "image_id": 1,
        "category_id": 0,
        "R": [
            [
                0.4389650399954887,
                0.13510225990209745,
                0.8882888531321025
            ],
            [
                0.8653076484050488,
                -0.3298138202585825,
                -0.3774461598858752
            ],
            [
                0.24197611203854008,
                0.9343287283818141,
                -0.2616817439779222
            ]
        ],
        "t": [
            341.4715543456957,
            256.588731792148,
            1857.9567592191083
        ]
    },
    {
        "scene_id": 10,
        "image_id": 1,
        "category_id": 0,
        "R": [
            [
                -0.522433216847702,
                0.15635378332194988,
                0.8382225491733772
            ],
            [
                0.8009587385299698,
                -0.24717891566015465,
                0.5453143761721118
            ],
            [
                0.2924529022279253,
                0.9562719406230806,
                0.0039015591272206023
            ]
        ],
        "t": [
            266.6163965738789,
            -104.45947775955858,
            1735.1896750516407
        ]
    },
    {
        "scene_id": 10,
        "image_id": 1,
        "category_id": 0,
        "R": [
            [
                0.051066387064374254,
                0.14659101080644674,
                0.9878781874454848
            ],
            [
                0.9602259521455541,
                -0.2791032491878638,
                -0.008220897358007712
            ],
            [
                0.2745149029448885,
                0.9490060057968822,
                -0.15501327565985695
            ]
        ],
        "t": [
            363.0675730170532,
            291.8976360368855,
            2118.6572641904795
        ]
    },
    {
        "scene_id": 10,
        "image_id": 1,
        "category_id": 0,
        "R": [
            [
                0.9589769115698052,
                0.09677331952836557,
                0.2664549141433491
            ],
            [
                0.27721192625879876,
                -0.12349693026479312,
                -0.9528389906954317
            ],
            [
                -0.059303017216969144,
                0.9876149942089575,
                -0.14525743344420392
            ]
        ],
        "t": [
            373.83800707933744,
            87.39777622987884,
            2056.866676344617
        ]
    },
    {
        "scene_id": 10,
        "image_id": 1,
        "category_id": 0,
        "R": [
            [
                0.5152585172475771,
                0.0853878765746342,
                0.8527705344965568
            ],
            [
                0.8010405020144639,
                -0.40174266984724244,
                -0.4437758751789629
            ],
            [
                0.3047012264877343,
                0.9117629576897016,
                -0.275400468717811
            ]
        ],
        "t": [
            44.3112867329279,
            364.57133106311016,
            2547.6168182079923
        ]
    }
]