[
    {
        "scene_id": 11,
        "image_id": 0,
        "category_id": 0,
        "R": [
            [
                -0.49938114495831337,
                0.6715659058965515,
                0.5473734847322282
            ],
            [
                0.7370851540104028,
                -0.00271833514219532,
                0.6757944571776385
            ],
            [
                0.455328454341662,
                0.7409398710379179,
                -0.49364376982579133
            ]
        ],
        "t": [
            243.32793372228411,
            49.02872152024375,
            1885.0305960587775
        ]
    },
    {
        "scene_id": 11,
        "image_id": 0,
        "category_id": 0,
        "R": [
            [
                0.5379620487925739,
                0.6305862389403531,
                0.5594263624538889
            ],
            [
                0.767916132137312,
                -0.09285660606512906,
                -0.6337842903337364
            ],
            [
                -0.3477092164058513,
                0.7705444156302538,
                -0.5341906679099989
            ]
        ],
        "t": [
            -119.55679355186612,
            -364.07799603449007,
            2020.8954245791954
        ]
    },
    {
        "scene_id": 11,
        "image_id": 0,
        "category_id": 0,
        "R": [
            [
                0.05071562435976668,
                0.7079624350415992,
                0.704426817849947
            ],
            [
                0.9881893508717129,
                -0.13769652548877537,
                0.06724236501316667
            ],
            [
                0.14460218971871366,
                0.6926968341875582,
                -0.7065842964217071
            ]
        ],
        "t": [
            271.7394571502848,
            -160.46180194920063,
            1888.5394043566805
        ]
    },
    {
        "scene_id": 11,
        "image_id": 0,
        "category_id": 0,
        "R": [
            [
                0.22662119576893885,
                0.6285698961417879,
                0.7440045329048691
            ],
            [
                0.9727766573926339,
                -0.10806403581201078,
                -0.20500683148748292
            ],
            [
                -0.04846099206715052,
                0.770209127775729,
                -0.6359477156602498
            ]
        ],
        "t": [
            286.16410696920707,
            105.1424038371228,
            1877.8780818723114
        ]
    },
    {
        "scene_id": 11,
        "image_id": 0,
        "category_id": 0,
        "R": [
            [
                -0.5918273413339209,
                0.6056685042188867,
                -0.5318891677194726
            ],
            [
                -0.6629062305527812,
                0.009687418239351224,
                0.7486397968199803
            ],
            [
                0.4585801750736128,
                0.7956581351103423,
                0.39576813966874375
            ]
        ],
        "t": [
            335.39297138202005,
            -189.3441224818244,
            1889.3099798614255
        ]
    },
    {
        "scene_id": 11,
        "image_id": 0,
        "category_id": 0,
        "R": [
            [
                0.029007370747937664,
                0.6496980878044234,
                0.7596387252082413
            ],
            [
                0.9987251483192167,
                -0.050246767153543384,
                0.004837609521130344
            ],
            [
                0.04131237288893931,
                0.7585299640439314,
                -0.6503273381985943
            ]
        ],
        "t": [
            -131.8553781072203,
            -13.588607545298203,
            1997.2292863982416
        ]
    },
    {
        "scene_id": 11,
        "image_id": 0,
        "category_id": 0,
        "R": [
            [
                -0.6977727035974988,
                0.5836037180637637,
                -0.4153552456233367
            ],
            [
                -0.4072289469223633,
                0.15383962408234728,
                0.9002766334917325
            ],
            [
                0.5893028796230682,
                0.7973331307263866,
                0.13031523329484504
            ]
        ],
        "t": [
            317.7765143789388,
            -339.9855391467902,
            1903.6354505379609
        ]
    },
    {
        "scene_id": 11,
        "image_id": 0,
        "category_id": 0,
        "R": [
            [
                0.8444682805939775,
                0.5339599795830495,
                -0.04195341422048095
            ],
            [
                -0.18414826969028014,
                0.21589343436325698,
                -0.9588949377952816
            ],
            [
                -0.5029540483690117,
                0.8174819985469852,
                0.2806429628469607
            ]
        ],
        "t": [
            203.60776763479316,
            -0.43284928696240854,
            1889.0084987747553
        ]
    },
    {
        "scene_id": 11,
        "image_id": 0,
        "category_id": 0,
        "R": [
            [
                0.8335862913481455,
                0.5468740669218114,
                -0.07786318446657792
            ],
            [
                -0.1082749328759217,
                0.023538820973877696,
                -0.9938423037778056
            ],
            [
                -0.5416737683854508,
                0.8368839420448781,
                0.07883439290817654
            ]
        ],
        "t": [
            36.70392482563011,
            -140.49386566234196,
            1970.218766839049
        ]
    },
    {
        "scene_id": 11,
        "image_id": 0,
        "category_id": 0,
        "R": [
            [
                -0.11294749324785222,
                0.6746755749753159,
                0.7294215228461437
            ],
            [
                0.9874235879585835,
                -0.005517073042878544,
                0.1580008917966581
            ],
            [
                0.1106236106326002,
                0.7380938138830568,
                -0.6655674300871712
            ]
        ],
        "t": [
            320.76300276237953,
            58.02951888772307,
            2429.6229288478307
        ]
    },
    {
        "scene_id": 11,
        "image_id": 0,
        "category_id": 0,
        "R": [
            [
                0.4016719825597881,
                0.7015125648290267,
                0.5886762824370654
            ],
            [
                0.8958311562899661,
                -0.16753566363802996,
                -0.41160466808583324
            ],
            [
                -0.19012157470580357,
                0.6926846107533117,
                -0.695731185280342
            ]
        ],
        "t": [
            211.093595467353,
            2.3167275359927544,
            1907.3171459302935
        ]
    },
    {
        "scene_id": 11,
        "image_id": 0,
        "category_id": 0,
        "R": [
            [
                -0.8414764859594888,
                0.5308288005043754,
                -0.10068830032725143
            ],
            [
                -0.1981598904003947,
                -0.129844214026691,
                0.9715313684492111
            ],
            [
                0.5026430323361635,
                0.837473175627676,
                0.21444982504696478
            ]
        ],
        "t": [
            188.55205205104585,
            -514.2879752417,
            1948.8605066092368
        ]
    },
    {
        "scene_id": 11,
        "image_id": 0,
        "category_id": 0,
        "R": [
            [
                -0.5581604489170834,
                0.554233696776801,
                0.6174803222064937
            ],
            [
                0.7752120522943645,
                0.08302095252848024,
                0.626221891488413
            ],
            [
                0.2958094640003508,
                0.8282104706389595,
                -0.47598764967852863
            ]
        ],
        "t": [
            281.03002480428677,
            -401.2079810559577,
            1934.2223277024952
        ]
    },
    {
        "scene_id": 11,
        "image_id": 0,
        "category_id": 0,
        "R": [
            [
                -0.6949370185558937,
                0.6061471692177243,
                0.38684386408526567
            ],
            [
                0.5164449463940467,
                0.04639288200331691,
                0.8550627929011878
            ],
            [
                0.5003470825823274,
                0.7939983378522825,
                -0.34528177153426165
            ]
        ],
        "t": [
            328.62897498523625,
            -455.86049419033696,
            1862.4328958926424
        ]
    },
    {
        "scene_id": 11,
        "image_id": 0,
        "category_id": 0,
        "R": [
            [
                -0.6712032889831959,
                0.6835355818262376,
                0.286819244343962
            ],
            [
                0.4254811520228977,
                0.038412385175671804,
                0.9041517239373522
            ],
            [
                0.6070024553344039,
                0.7289057853505024,
                -0.3166140246660649
            ]
        ],
        "t": [
            92.79401866418698,
            -75.97254704067109,
            1737.054384324169
        ]
    },
    {
        "scene_id": 11,
        "image_id": 0,
        "category_id": 0,
        "R": [
            [
                0.28876438985581987,
                0.5841514230269707,
                0.7585395624601233
            ],
            [
                0.9570073119708039,
                -0.15341909679841828,
                -0.24616995660006216
            ],
            [
                -0.027426077849597663,
                0.7970130166882579,
                -0.6033391474104277
            ]
        ],
        "t": [
            373.33846463028885,
            -443.5206315110597,
            1902.804544068079
        ]
    }
]