[
    {
        "scene_id": 1,
        "image_id": 0,
        "category_id": 14,
        "R": [
            [
                0.8368591158890152,
                0.014583469777455947,
                -0.5472240332466266
            ],
            [
                -0.15005957080636825,
                -0.9552421491227058,
                -0.25494031016856056
            ],
            [
                -0.5264493758785013,
                0.2954653261360516,
                -0.797214711159078
            ]
        ],
        "t": [
            -81.94404033616911,
            -177.4380136659446,
            2139.1047380081664
        ]
    },
    {
        "scene_id": 1,
        "image_id": 0,
        "category_id": 14,
        "R": [
            [
                0.7126203556029931,
                -0.6980672423442011,
                -0.06981657357838353
            ],
            [
                0.5095904607573871,
                0.4466641918514782,
                0.7353969418094828
            ],
            [
                -0.48217195178207656,
                -0.5596366900799377,
                0.6740304028981441
            ]
        ],
        "t": [
            -30.141789925938383,
            -363.82501842864565,
            2112.9744975049857
        ]
    },
    {
        "scene_id": 1,
        "image_id": 0,
        "category_id": 14,
        "R": [
            [
                0.7909728284224474,
                -0.27630420339501544,
                -0.5459102232818503
            ],
            [
                0.2903116560061174,
                -0.6159156727930538,
                0.7323708257398474
            ],
            [
                -0.5385918000530447,
                -0.7377695244411541,
                -0.40695823092977873
            ]
        ],
        "t": [
            52.077293390386785,
            -51.55599269334576,
            2097.2529683513444
        ]
    }
]