[
    {
        "scene_id": 11,
        "image_id": 3,
        "category_id": 0,
        "R": [
            [
                -0.5999704806753633,
                0.14984544685982235,
                0.7858637277328445
            ],
            [
                0.7785841330279303,
                -0.11651324992303654,
                0.6166291408820961
            ],
            [
                0.18396258063501636,
                0.9818202427882005,
                -0.04676277132191263
            ]
        ],
        "t": [
            296.02773639607517,
            -92.11577035087767,
            1895.3918207335369
        ]
    },
    {
        "scene_id": 11,
        "image_id": 3,
        "category_id": 0,
        "R": [
            [
                0.7103855337800927,
                -0.05022767084608636,
                0.7020182395564654
            ],
            [
                0.6951350677888215,
                -0.10607686515532642,
                -0.7110098615381668
            ],
            [
                0.11018025619420722,
                0.9930885453936834,
                -0.040440439625677005
            ]
        ],
        "t": [
            314.1563866324734,
            3.976090903745387,
            1889.1077931098678
        ]
    },
    {
        "scene_id": 11,
        "image_id": 3,
        "category_id": 0,
        "R": [
            [
                0.9272170019567181,
                -0.18934552783575376,
                0.3231360960394302
            ],
            [
                0.3103027208270815,
                -0.09473800354230005,
                -0.9459053964998843
            ],
            [
                0.20971621606403468,
                0.9773295042613178,
                -0.02908824202991675
            ]
        ],
        "t": [
            200.9678861181559,
            -75.21725882387011,
            1876.9037346790521
        ]
    },
    {
        "scene_id": 11,
        "image_id": 3,
        "category_id": 0,
        "R": [
            [
                -0.20921184488164832,
                0.06429213524209995,
                0.9757545590464017
            ],
            [
                0.9762946186435438,
                -0.04289161103319141,
                0.2121537515720832
            ],
            [
                0.05549148847456338,
                0.9970089319639994,
                -0.053794621433414694
            ]
        ],
        "t": [
            257.29933463121273,
            -288.20657057795285,
            1904.5624361503349
        ]
    },
    {
        "scene_id": 11,
        "image_id": 3,
        "category_id": 0,
        "R": [
            [
                0.6791397592844708,
                -0.14384741277774615,
                -0.7197757591005611
            ],
            [
                -0.703611057680514,
                0.15169683657596153,
                -0.6942043188269782
            ],
            [
                0.209047198111485,
                0.9779038640133546,
                0.0018107218918908944
            ]
        ],
        "t": [
            212.2356808517378,
            -243.15421873432064,
            1874.4176307763234
        ]
    },
    {
        "scene_id": 11,
        "image_id": 3,
        "category_id": 0,
        "R": [
            [
                -0.9386433403174819,
                0.0423385527824914,
                -0.3422808215756948
            ],
            [
                -0.33518023602348795,
                0.12184128266294528,
                0.934242472923256
            ],
            [
                0.0812583968411827,
                0.9916461698839759,
                -0.10017446631513878
            ]
        ],
        "t": [
            258.6893060423994,
            -37.14036202584359,
            1886.281569357048
        ]
    },
    {
        "scene_id": 11,
        "image_id": 3,
        "category_id": 0,
        "R": [
            [
                -0.9676321783964905,
                0.08152434035048342,
                0.23883421751225134
            ],
            [
                0.24380803669265474,
                0.05763765435671564,
                0.9681093063491348
            ],
            [
                0.06515861274924782,
                0.9950033472326838,
                -0.07564833894164859
            ]
        ],
        "t": [
            -130.41722955807137,
            31.2441649104056,
            1820.2724931975952
        ]
    },
    {
        "scene_id": 11,
        "image_id": 3,
        "category_id": 0,
        "R": [
            [
                -0.10784907648207633,
                0.0932326264573681,
                0.989785981037534
            ],
            [
                0.9583177861257958,
                -0.2551970476185679,
                0.12845845506308293
            ],
            [
                0.26456695108922235,
                0.9623835694817795,
                -0.06182370570536722
            ]
        ],
        "t": [
            184.77873151823397,
            -426.7482168263663,
            1910.8023747629554
        ]
    },
    {
        "scene_id": 11,
        "image_id": 3,
        "category_id": 0,
        "R": [
            [
                0.22204065084742264,
                0.07157171147181852,
                0.972407051435178
            ],
            [
                0.9741080344374405,
                -0.05981760975826747,
                -0.21802632364626978
            ],
            [
                0.04256253913534715,
                0.995640157745932,
                -0.08300050331347279
            ]
        ],
        "t": [
            161.19792814936176,
            -108.01908056465703,
            2093.739855001153
        ]
    },
    {
        "scene_id": 11,
        "image_id": 3,
        "category_id": 0,
        "R": [
            [
                -0.11910064359749008,
                0.14118224865009185,
                0.9827932862781347
            ],
            [
                0.9924544572059892,
                -0.012124827455141759,
                0.12201322029445102
            ],
            [
                0.029142288202554944,
                0.9899093605942084,
                -0.13867285909854912
            ]
        ],
        "t": [
            -187.59859067637984,
            122.09588266061468,
            2030.8949712220992
        ]
    },
    {
        "scene_id": 11,
        "image_id": 3,
        "category_id": 0,
        "R": [
            [
                0.3429723847674638,
                -0.037903282955109335,
                0.9385804806305916
            ],
            [
                0.9303880195015919,
                -0.12395168429815324,
                -0.3449843476493249
            ],
            [
                0.12941465673690053,
                0.9915640681524457,
                -0.007247232225047649
            ]
        ],
        "t": [
            127.74657240398837,
            -201.22439718938963,
            1879.324159725993
        ]
    },
    {
        "scene_id": 11,
        "image_id": 3,
        "category_id": 0,
        "R": [
            [
                0.8963693936371345,
                -0.2584212435495525,
                0.3601949544698081
            ],
            [
                0.3720167506512863,
                -0.003388599809890577,
                -0.9282198778423467
            ],
            [
                0.24109227947146755,
                0.9660263736099455,
                0.09309959867556358
            ]
        ],
        "t": [
            201.92546789168463,
            -447.59441019947343,
            1798.2037721363686
        ]
    },
    {
        "scene_id": 11,
        "image_id": 3,
        "category_id": 0,
        "R": [
            [
                -0.7494609866229903,
                0.15494356503249496,
                0.6436619884517986
            ],
            [
                0.6495103939787121,
                -0.016237328376700666,
                0.7601793763818371
            ],
            [
                0.1282362319910074,
                0.9877898675085148,
                -0.08846820590777356
            ]
        ],
        "t": [
            -75.40128543175422,
            76.46679479796961,
            1858.2525572326163
        ]
    },
    {
        "scene_id": 11,
        "image_id": 3,
        "category_id": 0,
        "R": [
            [
                -0.16073496374468277,
                0.07079092730711806,
                0.9844556618932123
            ],
            [
                0.983703350237764,
                -0.06993462726493446,
                0.16564103850129527
            ],
            [
                0.08057340684451032,
                0.9950365686000852,
                -0.05839632062312381
            ]
        ],
        "t": [
            183.1205913720582,
            79.17193678184435,
            1888.9879238100027
        ]
    },
    {
        "scene_id": 11,
        "image_id": 3,
        "category_id": 0,
        "R": [
            [
                -0.5094698319469306,
                0.18666951642939278,
                0.839997033426066
            ],
            [
                0.8215668328188759,
                -0.18474870947750227,
                0.5393476991272257
            ],
            [
                0.25586811192480663,
                0.9648950177052994,
                -0.059237581920650054
            ]
        ],
        "t": [
            200.06273629280287,
            24.092999417695808,
            1763.5642611610815
        ]
    },
    {
        "scene_id": 11,
        "image_id": 3,
        "category_id": 0,
        "R": [
            [
                -0.29260117375479056,
                0.08428623149557675,
                0.9525126867870063
            ],
            [
                0.9542354556494077,
                -0.03864062995725455,
                0.2965496314169816
            ],
            [
                0.061800725876130655,
                0.9956920772470998,
                -0.0691226055123822
            ]
        ],
        "t": [
            -182.08635435246032,
            -9.277242589950049,
            1817.3742236561714
        ]
    },
    {
        "scene_id": 11,
        "image_id": 3,
        "category_id": 0,
        "R": [
            [
                0.9215467437158265,
                -0.1595531151967757,
                -0.3539695421506913
            ],
            [
                -0.3301658531106446,
                0.15769645871154167,
                -0.9306569847935561
            ],
            [
                0.20430896103028118,
                0.9745124966372845,
                0.09264566554769556
            ]
        ],
        "t": [
            195.17125122257903,
            -177.6763303945499,
            1877.2594525727575
        ]
    },
    {
        "scene_id": 11,
        "image_id": 3,
        "category_id": 0,
        "R": [
            [
                -0.8879862749215744,
                0.0908358557103545,
                0.4508095574196296
            ],
            [
                0.4519856834971138,
                -0.008353404854051569,
                0.8919861263138934
            ],
            [
                0.08479009961007156,
                0.9958308326485018,
                -0.033638798417709094
            ]
        ],
        "t": [
            160.45986829728054,
            -406.79940958798346,
            2015.5867246791977
        ]
    },
    {
        "scene_id": 11,
        "image_id": 3,
        "category_id": 0,
        "R": [
            [
                0.98558203532527,
                -0.0766656370886756,
                0.15083257581336534
            ],
            [
                0.14787462136430427,
                -0.042929000136081016,
                -0.9880740277424327
            ],
            [
                0.08222641847602818,
                0.9961322491904557,
                -0.030973137258764088
            ]
        ],
        "t": [
            311.4652631730918,
            51.331162267621465,
            1862.5457670675946
        ]
    },
    {
        "scene_id": 11,
        "image_id": 3,
        "category_id": 0,
        "R": [
            [
                -0.3257898425649726,
                0.13220626952632425,
                0.9361530403582697
            ],
            [
                0.9265608033217375,
                -0.1522538409089327,
                0.3439533873531823
            ],
            [
                0.18800566586666942,
                0.9794591649309855,
                -0.07289438139533697
            ]
        ],
        "t": [
            -116.34058824243138,
            131.49424495507424,
            1956.4405244241566
        ]
    },
    {
        "scene_id": 11,
        "image_id": 3,
        "category_id": 0,
        "R": [
            [
                -0.9954614917058638,
                0.06773600700180127,
                0.06684523976168412
            ],
            [
                0.07325056764671045,
                0.096969408096537,
                0.9925882203755573
            ],
            [
                0.06075200505623673,
                0.9929797304833926,
                -0.10149101307533423
            ]
        ],
        "t": [
            288.2062114376342,
            56.79283426191989,
            1878.3426672690975
        ]
    },
    {
        "scene_id": 11,
        "image_id": 3,
        "category_id": 0,
        "R": [
            [
                0.18921005877179486,
                0.04725182839245644,
                0.9807990887871747
            ],
            [
                0.9787979120327432,
                -0.0888757103239837,
                -0.18454225128740384
            ],
            [
                0.07844924471564636,
                0.9949212799076247,
                -0.0630661541145471
            ]
        ],
        "t": [
            251.97117622460013,
            -170.852253594542,
            1813.0554419644445
        ]
    },
    {
        "scene_id": 11,
        "image_id": 3,
        "category_id": 0,
        "R": [
            [
                0.49651134558700094,
                -0.059252998561617885,
                0.8660055427406059
            ],
            [
                0.854597320465084,
                -0.1414685371202497,
                -0.499650037380594
            ],
            [
                0.15211828661842017,
                0.9881678581263241,
                -0.019603266222512458
            ]
        ],
        "t": [
            308.41495165343076,
            -21.8582346146639,
            1822.432737074807
        ]
    },
    {
        "scene_id": 11,
        "image_id": 3,
        "category_id": 0,
        "R": [
            [
                -0.6914093971439749,
                0.05588414174408884,
                0.7202985786707758
            ],
            [
                0.7219990816882342,
                0.017715539636909666,
                0.6916672413033544
            ],
            [
                0.025892737715160565,
                0.998280071076831,
                -0.05259698497758297
            ]
        ],
        "t": [
            102.55904421252652,
            94.56350065684512,
            1894.5287107085103
        ]
    },
    {
        "scene_id": 11,
        "image_id": 3,
        "category_id": 0,
        "R": [
            [
                0.10610809920779768,
                0.11951347360874769,
                0.9871462075605054
            ],
            [
                0.99011952537713,
                -0.10422711652981542,
                -0.09380895821999778
            ],
            [
                0.09167595433633738,
                0.9873465555682189,
                -0.12939194568587925
            ]
        ],
        "t": [
            196.69871156989637,
            -136.59898574905912,
            1368.150402630804
        ]
    }
]