[
    {
        "scene_id": 12,
        "image_id": 3,
        "category_id": 1,
        "R": [
            [
                0.41982395007382084,
                0.883415135061181,
                -0.20814798649484392
            ],
            [
                0.8007676588520293,
                -0.4684847041732491,
                -0.37322021044929604
            ],
            [
                -0.42722250258696165,
                -0.009991379936387944,
                -0.904091302145188
            ]
        ],
        "t": [
            3.3043757463452437,
            -77.54978015669593,
            1675.830613103463
        ]
    },
    {
        "scene_id": 12,
        "image_id": 3,
        "category_id": 1,
        "R": [
            [
                0.41969918569406023,
                0.8835524096036514,
                -0.20781666729098597
            ],
            [
                0.8008163534030944,
                -0.468232016494316,
                -0.3734327701840192
            ],
            [
                -0.42725381319519906,
                -0.0096935432353338,
                -0.9040797483264338
            ]
        ],
        "t": [
            185.36106289950112,
            -183.98977049014508,
            1696.8371304517602
        ]
    },
    {
        "scene_id": 12,
        "image_id": 3,
        "category_id": 1,
        "R": [
            [
                0.41966615533190793,
                0.8835752697732651,
                -0.20778617592767307
            ],
            [
                0.8008304144848358,
                -0.46818926985484904,
                -0.3734562113880342
            ],
            [
                -0.4272599028065349,
                -0.00967454409255276,
                -0.9040770739569904
            ]
        ],
        "t": [
            50.13118359941873,
            -385.0930506321834,
            1691.5477284902463
        ]
    }
]